15 20 3.0
122
10
7.6480575 12.601664
6.771062 11.799802
6.053997 10.8552685
5.4537563 9.791715
5.2269735 8.4206915
4.9988556 7.100023
5.400828 8.66331
5.568769 10.234226
6.4123864 11.213092
7.0858684 12.265202
14
7.636518 12.600901
7.1313586 11.369497
6.6160903 10.225834
6.9378586 8.992142
5.989147 7.252613
5.454996 6.283665
4.7948656 5.380331
4.3369126 4.0764475
4.770833 5.3719387
5.411795 6.3118944
6.2161207 7.7050433
7.0838656 9.303426
6.6608176 10.829328
7.0950236 11.930266
16
6.767438 10.962081
7.084438 12.252232
8.688607 11.326772
9.397089 10.444037
10.401781 9.883268
12.025787 10.350195
13.0753975 9.803159
14.750043 9.864195
13.494059 9.523918
12.321235 9.889372
10.833413 9.36141
9.9212265 10.013733
9.127486 10.740826
8.193557 11.879911
7.43043 12.644388
6.8203664 10.924697
14
6.764577 10.949874
7.082626 12.25452
8.586184 10.991837
9.800969 9.146257
10.1194 7.6241703
10.254821 5.9891663
12.156344 5.040055
14.238208 3.5561152
12.80446 4.464027
10.825498 5.429923
10.059605 8.165866
9.209598 10.122835
8.148829 11.285573
7.1131434 12.102694
22
5.1337047 7.2449837
5.604532 8.612192
6.1132197 10.334935
8.870854 12.360571
9.83883 13.104448
10.203895 16.451515
10.797555 17.563135
12.324477 17.923246
13.55271 18.599222
14.606516 18.137636
14.963951 19.311054
14.649716 18.11017
13.57226 18.54963
12.54859 18.01709
10.955006 17.621881
10.275134 16.742199
9.802018 14.138247
8.372561 11.878386
7.5751967 10.949874
6.564306 10.177005
5.7626505 9.422446
5.3734574 7.380026
14
5.128364 7.2495613
5.5902267 8.548867
7.100269 9.32784
7.7629747 10.169375
9.423315 9.794766
10.027752 8.754864
11.435846 9.874113
12.447214 10.67979
11.44462 9.869535
9.955177 9.483482
8.759942 9.820706
7.096454 9.3019
6.0029755 8.876936
5.4511814 7.831693
29
3.3719888 7.675288
4.6488585 8.034638
6.390166 8.00412
7.7847185 7.613489
9.08028 7.2472725
9.918938 7.969787
9.912357 10.009155
10.246238 11.802854
10.768468 13.160144
12.461042 13.401236
13.084648 14.496834
13.778729 15.378042
14.088577 16.590372
14.989319 17.412832
14.964237 19.202717
14.957657 17.350271
14.093346 16.583506
13.804002 15.35668
13.105057 14.473946
12.618494 13.448539
11.333041 12.954909
10.351047 12.347601
10.40922 10.589761
10.029087 8.754864
9.545958 7.5715265
7.769269 7.606622
6.3719506 7.9980164
4.8318677 8.056001
3.3350818 7.6028075
11
5.1278872 7.2373543
5.4810314 5.7701993
4.572374 4.3900204
3.8710446 3.5408561
2.5883577 2.371252
0.6305671 1.8036164
2.0593565 2.0798047
2.984703 2.9869535
4.5080013 4.316777
5.1809115 5.161364
5.344752 6.9794765
27
3.9338915 3.959716
4.8072634 5.524529
4.967289 6.9466696
5.5824065 8.514534
6.765149 9.408713
7.666654 10.371557
8.42692 11.166553
9.215415 11.914245
10.033283 12.764935
9.798966 14.070344
10.222205 16.522469
10.829122 17.569239
12.144328 17.85687
13.549753 18.599222
14.742223 19.26833
12.562323 18.020905
11.043411 17.640192
10.230311 16.521706
9.792577 14.150454
10.112057 12.890821
9.261287 11.96231
7.782525 10.203708
7.0924487 9.302663
6.0099373 8.877699
5.4508953 7.8248262
4.958229 6.7483025
4.539091 4.41062
11
6.7517023 10.975052
7.0835795 12.250706
6.85899 10.953689
5.9296384 9.853514
5.619886 8.618296
6.2248945 7.707332
6.5883384 6.514076
6.207156 7.679103
5.5990005 8.632029
5.996109 10.041963
6.6840873 10.856794
12
6.7602854 10.958266
7.7626886 10.189975
8.694997 8.46189
9.291041 7.335012
10.174235 5.6839857
12.247611 5.0095367
14.245456 3.5553522
12.716149 4.5189595
10.645158 5.4818034
9.748326 6.462196
7.7934923 10.128176
7.1517673 11.306935
15
11.574034 13.093003
10.264644 13.575952
8.370273 11.881437
7.5714774 10.947585
6.5508595 10.160983
6.809972 8.757153
5.9853325 7.2808423
5.431536 6.2592506
4.598123 4.402991
5.361346 5.410086
6.79004 8.763256
6.526922 10.1686125
7.469816 11.06508
9.54262 13.018997
11.024719 13.236439
16
2.4103072 4.26566
1.185508 3.8681622
2.226058 3.1006331
3.4232008 2.3498893
5.0343323 1.3389791
6.4193482 1.0627909
6.798337 2.964065
7.355948 4.1145954
6.9386215 5.432212
7.3569016 4.1863127
6.8036776 2.9587243
6.8409657 1.4763104
5.2295485 1.2619212
3.6241393 2.2087433
1.0786015 3.8101778
1.8682408 4.7196155
14
5.1159663 7.1015487
5.474928 5.757229
5.9634933 4.728008
6.9231725 3.372244
8.69204 1.7883574
9.834443 3.6606393
10.649545 4.6074615
9.913597 3.8307774
8.769765 1.808194
6.8587995 2.2842755
6.146312 3.1906614
5.9495697 4.7295337
5.461481 5.75494
5.3011694 7.1831846
16
5.1375194 7.254139
5.5798316 8.5206375
4.1661105 8.88838
4.3794465 10.42649
5.1201625 11.194018
5.1860614 13.577477
3.8021896 14.170291
5.1598353 14.440375
3.815541 14.154268
5.199794 13.59121
5.178718 11.430533
4.8258595 10.158694
3.6317687 9.559014
4.503233 8.899824
5.5846 8.465705
5.164699 7.3228045
19
6.755517 10.973526
7.0794787 12.256809
9.0416565 11.759365
10.291728 11.496147
11.352115 10.986496
12.5041485 10.546273
12.915276 9.246967
13.5441265 8.247501
13.930935 6.712444
14.608614 5.725948
13.921303 6.711681
13.533255 8.2459755
12.905357 9.246967
12.56423 10.417335
11.489634 10.944533
10.284766 11.487755
8.787885 11.189441
7.57739 11.906615
6.817982 10.923934
15
6.766961 10.959029
7.0671763 12.451362
8.15417 11.969177
9.07885 12.5658045
10.115585 13.137255
11.8965645 13.338674
13.59696 13.390554
14.744035 13.820096
13.445803 13.38674
11.790517 13.2776375
10.579355 13.593499
9.554636 12.991531
8.653512 12.156099
7.560606 12.603952
7.0133896 11.415275
13
6.766103 10.968184
7.06813 12.614634
5.7771463 13.640039
5.2547255 14.669261
3.772149 15.036241
2.1388927 15.627527
0.6703351 15.734341
2.1407046 15.632868
3.3599725 15.107195
4.8377805 14.885176
5.702569 13.8056
6.25751 12.838178
7.114288 11.925689
6
3.3778062 7.6745253
0.2664556 5.3765163
0.31928894 2.8282597
0.061034925 5.1857786
1.9282267 7.5799193
3.3387058 7.676051
18
5.125026 7.125963
6.5384617 6.64683
7.328196 5.7595177
8.460108 6.2165256
9.803353 6.3744564
10.644204 5.5001144
12.228633 5.0209813
12.855004 3.8994431
13.519331 2.5932708
14.506762 1.3862821
13.631101 2.3842223
12.928627 3.588159
12.308742 4.9530783
10.796887 5.4467077
9.796868 6.3607235
8.217685 6.2905316
6.9630356 5.770962
6.2741995 7.1198597
18
11.551336 13.083848
10.344943 12.335393
10.96912 11.281758
12.098076 10.904097
12.880085 9.324025
13.546988 8.242924
13.925785 6.720073
14.629212 5.7007704
14.738599 4.0978103
14.621679 5.693904
13.918823 6.7147326
13.537355 8.239872
12.870358 9.324025
12.501192 10.539407
11.348395 10.980392
10.534533 11.76318
10.278949 13.144121
11.724904 13.321126
16
3.3723702 7.671473
4.6576324 8.049134
5.1017566 6.9565883
4.641706 4.7493706
3.8909764 3.5523002
5.3348336 3.3104448
5.4885654 1.886015
6.4927807 1.0467689
7.5225544 0.57450217
5.626085 1.1894407
5.286006 2.3994813
4.4545956 3.304341
4.605085 4.725719
4.9325757 6.0730906
5.0640864 7.4456396
3.3280246 7.6104374
14
6.7621927 10.969711
6.7575197 9.472801
6.2448263 7.738613
7.4803066 6.7986574
8.596388 6.1654077
10.133323 5.677882
12.287761 4.9897003
14.245551 3.5500114
12.73198 4.505226
10.248145 5.6137943
8.5898075 6.1524377
6.909821 7.178607
6.7937593 8.764782
6.5493336 10.13199
18
6.777547 10.944533
7.8395543 11.388571
8.432547 10.445563
9.034885 9.350729
9.852468 8.254368
10.257205 5.983825
12.0569725 5.0720987
11.902382 3.634699
11.585859 2.309453
11.519293 0.6034943
11.631158 2.0241094
11.7950945 3.4431982
12.037613 5.0652323
10.761506 5.459678
10.07 8.079652
9.026112 9.349203
8.426348 10.4432745
7.360907 10.939193
15
6.7932825 19.771877
7.5319004 18.784618
8.861794 19.011215
10.381945 19.835966
11.670545 19.427786
12.713098 18.873121
14.039082 18.59083
14.897289 17.901884
14.030689 18.586252
12.710904 18.868544
11.663678 19.419394
10.656888 19.9176
8.850446 19.629969
8.00473 18.863966
6.9481583 19.5346
24
8.843484 4.1123066
9.154666 5.7610435
9.461939 7.013809
7.6662726 10.363928
8.540789 11.271839
8.435503 12.799268
9.02306 13.795682
10.276088 16.84062
11.041218 17.672235
12.4771595 18.014801
14.330333 19.088274
12.905453 18.219273
11.570219 17.725643
10.526236 17.251087
10.166415 16.045624
9.806405 14.174869
8.939899 13.404287
8.523718 12.307164
8.267562 10.68513
8.462778 8.915084
9.069313 7.7759976
9.636651 6.7009993
9.308017 4.881361
8.954777 3.6697948
21
3.317248 11.951629
3.8421485 13.284505
4.6841445 14.19089
5.786874 13.636225
6.5217724 12.719158
7.433577 12.104982
9.122337 10.77821
10.263499 11.6662855
11.712983 11.785306
12.39562 12.710765
13.544222 12.293431
12.390089 12.697032
11.717847 11.77615
10.278567 11.490807
8.935131 10.993362
7.5815864 11.907378
6.0934787 12.049287
5.7781 13.631647
4.8312955 14.195468
3.8525434 13.284505
3.521143 11.998169
21
14.750043 9.85504
14.974346 8.50309
14.43495 6.0090027
12.307693 4.9492636
10.629899 4.742504
9.587252 3.9993896
8.213202 4.8851757
6.8697667 5.1766233
5.5324345 5.745022
4.8240476 4.6715493
4.1169963 3.823911
4.8769765 4.7798886
5.7709475 5.5596247
7.0414276 5.1987486
8.461824 4.17258
9.944782 3.9681087
10.337981 5.3002214
11.518721 4.4663157
14.071602 5.8091097
14.922848 7.1007857
14.599173 9.08217
15
6.7676287 10.969711
6.330752 12.384985
5.773999 13.644617
5.180721 12.497139
4.4930286 13.359274
3.179538 13.993286
2.8800855 11.586938
2.8317344 9.755856
2.8205764 11.5671015
2.858151 13.511864
4.5044727 13.372244
5.1720424 12.507057
5.3194795 13.960479
6.249404 12.844282
7.120296 11.905088
14
6.7709665 10.947585
7.084533 12.255283
8.2359 11.622797
9.125674 10.775158
10.263213 11.662471
11.761716 11.533532
12.749623 10.8049135
13.5529 8.471809
13.082455 9.749752
12.243701 11.335164
10.281047 11.483177
8.932842 10.994888
8.026951 11.832608
6.818459 10.921645
17
3.589712 12.635996
4.93496 12.248417
6.344485 12.382696
7.1160045 11.654078
6.5704093 10.193027
5.751683 9.42855
6.807397 8.827344
7.1202006 7.273213
6.7255716 6.10132
7.1108546 7.2762647
7.630796 8.347448
6.7790728 9.146257
6.1188464 10.342565
7.3604302 10.943007
6.591867 12.066834
4.9317174 12.236973
3.5919054 12.620737
16
6.757329 10.965133
5.3633485 10.650797
4.930001 9.505608
4.79601 7.7355614
3.9456217 6.2661176
2.6713269 4.0428777
3.8637013 3.5400932
2.833165 2.7023728
2.6408095 4.024567
3.393065 5.401694
4.103454 6.577401
4.783517 7.7439537
4.989414 9.070725
5.1523967 10.41886
6.0335884 11.537347
6.9143033 12.196536
7
11.584333 13.115892
11.801103 11.815061
12.7473345 10.811017
13.713307 10.089265
12.739324 10.807202
11.747697 11.52285
11.304526 12.957198
19
4.0270653 3.9421682
4.5800033 2.7077134
6.025959 2.5474937
7.624025 2.1271076
7.5420094 3.5492485
8.986439 4.3244066
10.257682 4.772259
10.837514 3.8162813
11.889317 4.8416877
14.236396 3.5492485
12.737893 4.508278
10.82874 3.7834744
10.527571 5.1071944
9.573805 4.3625546
8.090847 4.0131226
7.6800056 2.0424201
6.0416946 2.5017166
4.7921953 3.1784542
3.9878693 3.8895247
15
11.582617 13.116655
10.130462 13.170825
9.80116 14.357214
8.499876 14.934768
9.068264 16.41413
8.6373 17.617304
7.8021708 18.411535
6.998226 19.488823
7.666368 18.579386
8.534304 17.71954
9.135974 16.646067
8.516851 14.952315
9.810792 15.172046
10.029755 13.682002
11.174636 13.24712
14
5.2980223 12.168307
7.0170135 11.756313
8.292167 12.56199
8.917297 13.460746
10.456331 13.154039
11.47571 13.807889
12.367679 15.253681
13.041733 16.173037
12.37855 15.250629
11.6860895 14.009308
9.990749 13.782712
9.323562 12.9274435
7.8528104 12.293431
6.3422914 12.362097
16
11.565451 13.091477
10.291442 13.5767145
9.267676 11.965362
7.959049 12.165256
7.1313586 11.368734
6.250167 10.654612
5.743863 9.390402
5.778386 7.81796
4.4038606 7.566949
5.771329 7.8286414
6.067348 9.310292
6.2428236 10.661479
7.0265503 11.754787
8.467451 11.982147
9.899864 12.583352
10.813481 13.172351
16
5.309371 12.199588
6.438326 11.75555
6.001068 10.529488
4.9479294 9.729153
4.507715 8.263523
4.228099 6.9031816
3.6230903 5.899901
2.6743786 5.1689935
1.3958877 4.7814145
2.3243816 5.3887234
3.6469321 5.952544
4.438669 7.2663465
4.612905 8.898298
5.0437737 10.032807
6.3265557 10.708781
6.0992007 12.040132
7
5.122165 7.2312503
3.8491101 7.6218815
1.9866867 7.566949
0.0022888097 7.428092
1.4230673 7.6005187
4.0364113 7.65774
5.0980372 8.13611
11
10.911327 5.3452353
10.8410425 3.8155184
11.58214 2.3117418
11.52368 0.6065461
13.061855 1.5777829
14.2322 2.0256352
13.067482 1.5709163
11.937477 0.6301976
11.59387 1.9325551
11.155562 3.0052643
10.623987 4.7409782
21
7.2036467 7.7912564
8.539167 7.4006257
9.782372 7.8400855
10.603197 8.683146
11.234622 9.705501
11.819699 10.697337
12.186004 11.9539175
12.56814 13.375296
13.140151 14.553292
13.805242 15.423057
14.246409 16.51789
13.8301325 15.408561
13.101624 14.4754715
12.608576 13.462272
12.189246 11.857023
11.75504 10.534829
11.133151 9.603266
10.509832 8.650339
9.797631 7.8431373
8.634915 7.3601894
7.2270117 7.7576866
17
11.572126 13.09453
10.344085 12.338445
10.399015 10.576028
10.01564 8.776226
9.538233 7.5806823
9.912071 6.189822
9.425699 5.118639
9.845506 3.6408026
8.792653 1.9073777
9.835397 3.6461432
9.426844 5.0507364
9.887085 6.2012663
9.299529 7.3113604
10.067997 8.165866
9.915028 10.036622
10.240706 11.799802
10.794217 13.1647215
15
6.7658167 10.9300375
7.0849147 12.249943
8.236758 11.622034
9.26348 12.735943
10.097275 13.466086
10.204848 16.458382
10.742051 17.522697
12.174846 17.868315
14.793912 19.30724
12.498999 17.987335
10.995346 17.623407
10.276469 16.751354
9.801827 14.158847
8.3717985 11.882963
6.8175054 10.921645
21
6.104732 9.679561
6.787179 10.544747
7.068702 11.869993
8.067959 12.805371
8.8843 13.507286
9.788667 14.124514
10.170421 16.34165
10.68607 17.507439
12.315417 17.928587
13.541456 18.601511
14.836923 19.354544
13.536783 18.567179
12.318183 17.893492
11.026531 17.621881
10.083256 15.667201
9.802781 14.193179
8.92321 13.5271225
8.230464 12.6153965
7.1051326 12.156099
6.821034 10.922408
6.28078 9.7314415
12
5.1235003 7.2358284
5.496958 9.192035
6.768487 9.442283
7.5958915 10.274662
8.344237 11.079576
10.26102 11.656367
10.798223 13.160907
10.280379 11.862364
7.777375 10.189975
7.0924487 9.3072405
5.785062 8.9822235
5.362681 7.366293
28
14.969006 5.226978
14.100307 6.488899
13.646264 7.8408484
13.022659 9.021133
12.3188505 9.8939495
10.832555 9.370565
9.922752 10.028229
10.313472 11.202411
10.284766 13.144121
9.783135 14.17792
10.096893 15.8243685
10.402353 17.166399
11.938812 17.80804
13.579985 18.628214
14.898338 19.412527
13.518282 18.556496
12.480116 17.961395
11.01442 17.621119
10.237273 16.435492
9.924564 14.84474
10.162028 13.339437
10.259875 11.787595
9.951458 10.018311
11.447863 9.891661
12.859105 9.462119
13.49053 8.447394
13.96212 6.7269397
14.998474 5.241474
24
5.1476283 7.212177
5.6093 8.648813
6.1114078 10.330358
7.034561 11.747921
7.5910277 12.691691
8.880867 12.999161
9.788571 14.125277
10.135993 16.086061
10.667569 17.491417
11.909439 17.82025
13.54365 18.607615
14.593641 18.139162
14.957752 19.329367
14.912548 17.85916
14.021439 18.567179
12.4044895 17.93469
11.003643 17.621119
9.943161 14.878309
9.192241 13.806363
8.519617 12.830548
7.09016 12.626841
6.5122356 11.258869
5.775239 9.435416
5.470255 7.8080416
12
14.723912 14.210727
13.774056 15.259785
14.069408 16.51484
14.973106 17.393759
14.968338 19.336233
12.573767 19.975586
11.766866 19.245441
12.568998 19.997711
14.681188 19.799343
14.527742 16.977951
14.002174 15.900663
14.510672 14.850843
21
3.3651223 7.6813917
4.2599516 8.5626
5.459383 8.957046
6.766198 8.714427
7.560606 7.676051
8.818307 7.317464
9.796105 7.8416114
10.604628 8.685435
11.434797 9.874876
13.090561 9.755093
14.744512 9.856565
13.520285 9.540704
12.362052 9.900053
11.052948 9.527733
10.187491 8.559548
9.544718 7.5715265
7.793969 7.607385
6.7675333 8.704509
5.342463 8.946364
3.7181714 9.101244
4.0921054 7.6997023
12
5.1260753 7.1114674
4.814511 5.506981
3.9799538 4.7676816
3.0868413 3.0601969
2.422991 2.1866179
2.9595263 0.1373312
2.4446394 1.6533151
2.9802208 2.9991608
4.517729 4.3289847
3.182399 4.6410317
4.142841 5.2315555
4.98188 6.2348366
17
3.362452 7.676814
4.6485724 8.034638
6.2244177 7.701991
6.67312 6.253147
7.279273 5.2208743
9.59326 5.834287
10.771615 5.4833293
12.259913 5.0202184
13.868279 4.975204
12.617159 4.6540017
10.768563 5.4581523
9.591448 5.8266573
8.056038 5.585565
6.844685 5.8846416
6.26657 7.126726
5.527857 8.229954
4.4022393 7.5692377
17
11.557344 13.105211
11.794904 11.812772
10.312518 11.490044
9.920082 10.030518
10.130366 8.599222
9.540712 7.5799193
9.186423 6.3950562
8.076923 5.58938
6.7641 6.0196843
7.7618303 5.4779887
8.704534 6.119631
9.290565 7.3304343
10.023937 8.107882
9.910164 10.032807
10.282191 11.483177
11.474756 11.793698
11.009079 13.235676
13
6.762002 10.91783
7.081672 12.344549
7.368155 10.933089
8.253352 9.289693
9.293712 7.3395896
10.195121 5.663386
12.248755 5.0156407
14.245074 3.5523002
12.723111 4.507515
10.764462 5.4673076
9.283984 7.3289084
7.7844324 10.134279
7.1499553 11.307698
13
5.123119 7.1343555
5.838658 8.160525
7.046482 7.825589
9.079613 7.254139
10.192546 5.6679635
12.258864 5.0110626
14.242595 3.556878
12.729405 4.505226
10.775048 5.4657817
9.281314 7.337301
7.037327 7.816434
5.84829 8.145266
5.1430507 7.180133
18
5.1154895 7.1046004
5.5292873 8.247501
5.7460566 9.878691
5.080108 10.743877
5.1768107 12.510872
4.03603 12.083619
2.8468022 12.860304
2.5667093 14.378576
3.760419 14.933242
5.1992216 14.854658
3.7685251 15.016403
3.1768677 13.984131
2.0878713 13.50042
2.8982053 12.053102
4.453928 12.172122
5.067806 10.819409
5.757024 9.870298
5.3752694 7.3708706
20
6.7639093 10.962081
6.7798357 9.461356
7.347174 8.477913
6.9082 7.241932
6.926892 5.6885633
8.652844 5.680171
8.852925 4.2816815
9.521448 3.4431982
10.242137 4.7310596
11.261134 5.2933545
10.255012 4.7478447
9.837876 3.6423285
8.985867 4.3121996
8.665147 5.5939574
7.4732494 5.2803845
6.7172747 6.1112385
7.0897784 7.270161
7.636804 8.354315
6.780408 9.08751
7.3573785 10.93843
8
14.316886 3.2852674
14.999523 2.2545204
13.566824 1.8249791
12.331153 1.0254062
11.52387 0.12588693
12.294913 1.0742352
13.91539 2.0988784
14.508192 3.371481
9
6.7566614 10.962844
6.2209845 11.932555
4.937916 12.230106
3.3982148 11.992065
1.8686223 12.187381
3.2794828 12.00885
4.938965 12.260624
6.248355 11.944762
6.826184 10.939193
5
1.2095405 0.10376135
3.3701768 0.11978332
4.7974405 0.50583655
3.3739915 0.095368885
1.368422 0.12359808
9
5.12474 7.221332
5.473402 5.9082932
5.6000495 4.4281683
5.7805796 3.0235753
5.620935 1.2558175
5.765416 2.6390479
5.6951303 4.151217
5.404452 5.4032197
5.361632 6.881819
12
5.1102443 7.1015487
5.47159 5.931182
4.747468 4.5784698
3.9462893 3.6156251
3.0291443 3.0159457
2.4042993 2.1362631
1.1617616 1.8768597
2.4188902 2.2079804
3.0635717 3.0708783
4.1767917 3.9230945
5.1049037 5.056077
5.4171357 6.2478065
12
6.769059 10.962081
6.3418145 12.3781185
4.9280934 12.237736
3.606687 12.013428
2.1525302 12.105745
0.73632914 12.305638
1.9207882 11.921111
3.3401363 11.821164
4.716855 12.217898
5.9646378 11.861601
7.0906367 12.249943
6.8182683 10.915542
13
6.7634325 10.966659
7.071754 12.44831
8.5138 12.855726
8.075111 14.109255
8.926357 15.752651
9.240497 17.201496
8.747544 18.515297
9.192431 17.319754
8.946289 15.749599
8.099907 14.121462
8.942379 13.374533
7.5886436 12.657359
6.8227506 10.933089
7
14.98827 19.32479
14.97015 13.8765545
14.481871 14.934768
12.91909 15.020981
14.395563 15.0621805
14.921131 13.965056
14.961185 18.770123
21
4.005512 3.9269092
4.9934196 6.234073
5.2801886 7.523461
5.453184 8.946364
6.480192 9.5552
7.5951285 10.283055
8.379427 11.116961
9.633695 11.620508
10.317668 12.6153965
12.459135 13.40505
14.267009 13.817044
12.70213 13.408103
11.251502 12.905317
10.358581 12.285039
9.37363 11.591516
8.408133 10.8178835
7.520361 9.980164
6.360888 9.584191
5.620649 8.62974
5.275897 7.347219
4.560835 4.4167237
19
6.766389 10.959792
7.083484 12.252995
8.436171 11.168078
9.217036 11.913482
10.049591 12.804608
11.528925 13.299001
12.711572 13.910125
13.735337 15.300984
14.070457 16.556038
14.952316 17.38613
14.089149 16.558327
13.748784 15.253681
12.922714 14.240482
11.789659 13.270008
10.296878 12.93431
9.2549925 11.935607
8.148257 11.293965
7.3457437 12.011139
6.8185544 10.926986
16
5.1254077 7.2457466
5.8417096 8.146791
7.0646014 7.801938
8.584085 7.3731594
9.732018 6.534676
10.504873 5.5504694
12.287856 5.027085
13.514086 4.0352483
14.582388 3.3577478
13.618895 3.9108872
12.679814 4.5128555
11.116081 5.3223467
9.576284 6.725414
8.417574 7.396811
6.32894 7.9850464
5.37279 7.3701077
13
7.1409907 19.122606
7.4503613 17.701992
8.71407 17.065691
10.472258 17.439537
12.073185 17.83856
12.714528 18.879225
13.319919 19.787899
12.726735 18.856337
11.87444 17.782864
10.654313 17.428091
9.126914 17.124437
7.719201 17.419699
7.001087 18.517586
15
5.114345 7.115282
4.4051003 6.3088427
3.7428713 5.365835
3.3261173 4.0978103
1.0759313 3.8612955
2.235118 3.116655
1.6459402 1.935607
0.36563733 1.5625238
1.4881077 2.0035095
2.1931565 3.1151292
1.0684927 3.823911
3.3098094 4.1145954
4.1945295 4.805829
4.398997 6.3210497
4.8507504 7.3914704
25
6.773637 10.960555
6.486582 12.175937
6.014324 13.228046
5.232505 14.422828
3.802285 14.151979
2.9198534 13.211261
2.8637776 11.1429
2.8149498 9.466697
2.4523642 8.197909
0.017738275 4.97673
0.039768066 1.7296101
1.4401381 1.9623102
2.5587938 2.3460746
3.8349006 3.5240712
2.5342844 2.2896163
1.3080547 1.9012741
0.87413454 6.239414
2.3931413 8.247501
2.7482882 9.4445715
2.8118026 11.638819
2.864636 13.537805
3.9922562 14.224461
5.5002003 14.085603
6.2588453 12.836652
7.115337 11.918822
18
5.11177 7.1229115
6.377196 8.00412
7.6431937 8.36347
9.301723 7.3411155
10.071716 8.163577
11.335521 8.525215
11.549334 9.975586
12.880657 9.315633
13.478991 8.394751
14.828053 7.6859694
13.530298 8.256657
12.929295 9.181354
11.458067 9.863432
10.588797 8.439002
9.54138 7.575341
8.589235 8.6457615
7.265826 8.060578
6.025387 7.316701
23
14.977398 19.362936
12.504435 18.014038
11.0227165 17.70123
10.256824 16.924543
9.778081 14.095522
10.30012 12.576486
10.364207 10.535592
10.05312 8.166629
10.236033 5.97467
12.238265 4.9683375
14.395563 3.4416723
12.733983 4.509041
10.731465 5.4779887
10.203322 6.608682
10.009251 8.7579155
10.378798 10.52491
10.376318 12.165256
10.037098 13.685054
10.005817 15.273518
10.319003 16.921492
11.35345 17.698177
13.575693 18.596933
14.946213 19.364462
6
1.0773618 11.138323
0.7251712 12.307927
0.0159263 13.930724
0.42552787 15.036241
0.10061225 12.42237
1.3112972 12.127871
19
4.0401306 3.9353018
5.166988 5.161364
5.3256783 7.1206226
5.6010985 8.672465
6.126285 10.326543
6.7849855 11.544213
5.494478 12.201114
3.9843407 12.349127
3.8177345 13.827725
1.3149211 15.131609
3.4795628 13.836881
4.002556 12.374304
5.5197506 12.224766
6.7374926 11.586175
5.681207 10.525673
5.6794906 8.9578085
5.35858 7.1190968
5.483797 5.6260014
4.5795264 4.3778133
18
6.7558985 10.971237
6.2303305 11.947814
4.912358 12.247654
5.056267 10.831616
4.521353 9.57351
4.172977 8.126955
3.2368536 6.2050815
1.6648229 5.226215
0.6849263 4.308385
1.6528066 5.2498665
2.7715578 5.8228426
3.9987411 7.4853134
4.409106 9.373617
4.9445915 10.419623
5.164985 12.4902725
4.0429916 12.100405
5.5160313 12.211795
6.8149304 11.54345
15
4.081615 3.868925
3.6514144 5.214008
4.3511224 6.4454107
5.039959 7.3380637
5.8536305 6.1669335
6.924317 5.6855116
7.3614793 4.1580834
8.802953 3.7491417
7.6176353 4.1397724
7.0230217 5.1735716
6.282687 6.210422
5.843903 7.3403525
4.650289 6.9657435
3.6618092 5.2086673
4.5728507 4.3968873
20
5.1132007 7.1114674
5.8533444 6.171511
7.0458145 6.4980545
8.074825 6.9962616
9.290469 7.3388267
10.033379 8.1086445
10.195502 6.752117
10.617884 5.619135
12.206603 5.0217443
13.2020445 4.2183566
14.220946 3.5614557
13.138816 4.242771
12.288619 4.96376
11.063248 5.3582053
10.227164 6.243229
10.097275 7.7462425
8.470217 7.096971
7.3486047 6.7055774
6.2103033 6.2050815
5.325011 7.0817122
13
11.598162 13.0899515
10.349425 12.348364
10.7104845 10.970474
12.177707 10.868238
13.362357 10.487526
13.8675165 9.195849
14.652768 8.467994
13.854642 9.201953
13.469645 10.42649
12.295295 10.802625
10.800607 10.862898
10.279235 11.844053
10.506018 13.149462
17
3.9944496 3.900969
4.9747276 6.244755
6.4313645 6.4972916
7.7182474 6.9863434
9.080948 7.2487984
9.913311 7.9751277
10.595377 8.8204775
11.440901 9.875639
12.460184 10.682078
11.451773 9.861143
10.883099 8.86244
10.071621 8.156711
9.372581 7.1824217
8.039349 6.9878693
6.666921 6.2203403
4.9858856 6.2317843
4.547388 4.4174867
23
5.1336093 7.208362
5.592134 8.628977
6.7408304 9.424735
7.6631255 10.383001
8.430639 11.200122
9.24517 11.971466
10.038338 12.824445
9.744988 14.216067
10.030041 15.732052
10.346278 17.18471
11.881592 17.870604
13.4955845 18.630503
14.807645 19.396505
13.292644 18.352789
10.706479 17.400625
10.127791 15.566491
9.823762 14.121462
10.004864 12.607767
8.555952 11.642633
7.6954546 10.846113
6.657575 9.853514
6.0147057 8.894484
5.4284844 7.4151216
15
4.032215 3.9360647
3.0547025 3.042649
4.9634743 1.3855191
6.452059 1.0482948
8.986057 1.5701534
11.623816 2.121004
12.982796 2.4437323
14.247077 3.512627
12.98642 2.4322882
11.625913 2.1026933
8.990826 1.5503166
6.638025 1.029221
5.113487 1.2832837
3.5356386 2.2590983
3.8280342 3.5286489
14
11.551432 8.455024
10.110531 8.214694
9.515154 9.617762
8.713975 10.666057
7.8561482 11.603724
6.5013638 11.282521
5.6628013 10.546273
4.243167 10.833142
5.6395316 10.547036
6.8956113 11.644922
8.389727 11.210803
9.229339 10.13199
10.038338 8.76936
11.26018 8.462653
28
14.9557495 5.214771
14.100307 6.488899
13.646264 7.8408484
13.022659 9.021133
12.3188505 9.8939495
10.832555 9.370565
9.922752 10.028229
10.313472 11.202411
10.284766 13.144121
9.783135 14.17792
10.096893 15.8243685
10.402353 17.166399
11.938812 17.80804
13.579985 18.628214
14.898338 19.412527
13.518282 18.556496
12.480116 17.961395
11.01442 17.621119
10.237273 16.435492
9.924564 14.84474
10.162028 13.339437
10.259875 11.787595
9.951458 10.018311
11.447863 9.891661
12.859105 9.462119
13.49053 8.447394
13.96212 6.7269397
14.761964 5.526818
28
14.9557495 5.214771
14.100307 6.488899
13.646264 7.8408484
13.022659 9.021133
12.3188505 9.8939495
10.832555 9.370565
9.922752 10.028229
10.313472 11.202411
10.284766 13.144121
9.783135 14.17792
10.096893 15.8243685
10.402353 17.166399
11.938812 17.80804
13.579985 18.628214
14.898338 19.412527
13.518282 18.556496
12.480116 17.961395
11.01442 17.621119
10.237273 16.435492
9.924564 14.84474
10.162028 13.339437
10.259875 11.787595
9.951458 10.018311
11.447863 9.891661
12.859105 9.462119
13.49053 8.447394
13.96212 6.7269397
14.761964 5.526818
30
14.376585 3.3470664
14.944115 4.522774
14.599649 5.7373924
13.9316025 6.7071033
13.534971 8.260471
12.828969 9.465171
11.42774 9.867247
9.962139 9.484245
10.39501 10.598917
10.392912 12.159152
10.070667 13.568322
10.096893 15.8243685
10.402353 17.166399
11.938812 17.80804
13.579985 18.628214
14.898338 19.412527
13.518282 18.556496
12.480116 17.961395
11.01442 17.621119
10.237273 16.435492
9.924564 14.84474
10.162028 13.339437
10.259875 11.787595
9.951458 10.018311
11.447863 9.891661
12.859105 9.462119
13.49053 8.447394
13.96212 6.7269397
14.874116 4.41062
14.255565 3.5027084
30
10.934502 5.336843
12.010529 5.9159226
13.190505 6.4225225
13.646264 7.8408484
13.022659 9.021133
12.3188505 9.8939495
10.832555 9.370565
9.922752 10.028229
10.313472 11.202411
10.284766 13.144121
9.783135 14.17792
10.096893 15.8243685
10.402353 17.166399
11.938812 17.80804
13.579985 18.628214
14.898338 19.412527
13.518282 18.556496
12.480116 17.961395
11.01442 17.621119
10.237273 16.435492
9.924564 14.84474
10.162028 13.339437
10.259875 11.787595
9.951458 10.018311
11.447863 9.891661
12.859105 9.462119
13.49053 8.447394
13.940376 6.7185473
12.855195 6.2600136
11.764768 5.803006
34
14.371341 3.366903
12.713193 4.5166707
13.858552 4.9683375
14.423983 6.022736
13.646264 7.8408484
13.022659 9.021133
12.3188505 9.8939495
10.832555 9.370565
9.922752 10.028229
10.313472 11.202411
10.284766 13.144121
9.783135 14.17792
10.096893 15.8243685
10.402353 17.166399
11.938812 17.80804
13.579985 18.628214
14.898338 19.412527
13.518282 18.556496
12.480116 17.961395
11.01442 17.621119
10.237273 16.435492
9.924564 14.84474
10.162028 13.339437
10.259875 11.787595
9.951458 10.018311
11.447863 9.891661
12.859105 9.462119
13.49053 8.447394
13.944763 6.710918
14.647141 5.679408
13.862462 4.962997
12.645291 4.6585793
13.734002 3.8811321
14.722386 3.2478828
5
13.931126 6.708629
12.810849 6.2455177
11.749127 5.7907987
12.819337 6.2668805
13.914627 6.7170215
5
6.764577 10.963607
7.0846286 12.24918
8.526293 12.316319
7.332869 12.001984
6.8135953 10.918593
6
6.762479 10.963607
7.0719447 12.454413
7.9635315 11.685359
8.7211275 12.499428
8.049648 11.395437
7.12392 10.720226
10
7.6480575 12.601664
6.771062 11.799802
6.053997 10.8552685
5.4537563 9.791715
5.2269735 8.4206915
4.9988556 7.100023
5.400828 8.66331
5.568769 10.234226
6.4123864 11.213092
7.0858684 12.265202
16
6.767438 10.962081
7.084438 12.252232
8.688607 11.326772
9.397089 10.444037
10.401781 9.883268
12.025787 10.350195
13.0753975 9.803159
14.750043 9.864195
13.494059 9.523918
12.321235 9.889372
10.833413 9.36141
9.9212265 10.013733
9.127486 10.740826
8.193557 11.879911
7.43043 12.644388
6.8203664 10.924697
14
6.764577 10.949874
7.082626 12.25452
8.586184 10.991837
9.800969 9.146257
10.1194 7.6241703
10.254821 5.9891663
12.156344 5.040055
14.238208 3.5561152
12.80446 4.464027
10.825498 5.429923
10.059605 8.165866
9.209598 10.122835
8.148829 11.285573
7.1131434 12.102694
22
5.1337047 7.2449837
5.604532 8.612192
6.1132197 10.334935
8.870854 12.360571
9.83883 13.104448
10.203895 16.451515
10.797555 17.563135
12.324477 17.923246
13.55271 18.599222
14.606516 18.137636
14.963951 19.311054
14.649716 18.11017
13.57226 18.54963
12.54859 18.01709
10.955006 17.621881
10.275134 16.742199
9.802018 14.138247
8.372561 11.878386
7.5751967 10.949874
6.564306 10.177005
5.7626505 9.422446
5.3734574 7.380026
15
11.574034 13.093003
10.264644 13.575952
8.370273 11.881437
7.5714774 10.947585
6.5508595 10.160983
6.809972 8.757153
5.9853325 7.2808423
5.431536 6.2592506
4.598123 4.402991
5.361346 5.410086
6.79004 8.763256
6.526922 10.1686125
7.469816 11.06508
9.54262 13.018997
11.024719 13.236439
19
6.755517 10.973526
7.0794787 12.256809
9.0416565 11.759365
10.291728 11.496147
11.352115 10.986496
12.5041485 10.546273
12.915276 9.246967
13.5441265 8.247501
13.930935 6.712444
14.608614 5.725948
13.921303 6.711681
13.533255 8.2459755
12.905357 9.246967
12.56423 10.417335
11.489634 10.944533
10.284766 11.487755
8.787885 11.189441
7.57739 11.906615
6.817982 10.923934
15
6.766961 10.959029
7.0671763 12.451362
8.15417 11.969177
9.07885 12.5658045
10.115585 13.137255
11.8965645 13.338674
13.59696 13.390554
14.744035 13.820096
13.445803 13.38674
11.790517 13.2776375
10.579355 13.593499
9.554636 12.991531
8.653512 12.156099
7.560606 12.603952
7.0133896 11.415275
13
6.766103 10.968184
7.06813 12.614634
5.7771463 13.640039
5.2334585 14.62501
3.772149 15.036241
2.1388927 15.627527
0.6703351 15.734341
2.1407046 15.632868
3.3599725 15.107195
4.8377805 14.885176
5.6722426 13.879606
6.25751 12.838178
7.114288 11.925689
24
8.843484 4.1123066
9.154666 5.7610435
9.461939 7.013809
7.667608 10.3807125
8.539263 11.293202
8.435503 12.799268
9.02306 13.795682
10.276088 16.84062
11.041218 17.672235
12.4771595 18.014801
14.330333 19.088274
12.905453 18.219273
11.570219 17.725643
10.526236 17.251087
10.166415 16.045624
9.806405 14.174869
8.939899 13.404287
8.523718 12.307164
8.267562 10.68513
8.462778 8.915084
9.069313 7.7759976
9.636651 6.7009993
9.308017 4.881361
8.954777 3.6697948
20
3.317248 11.951629
3.8421485 13.284505
4.6841445 14.19089
6.252265 12.838941
6.8065386 11.555657
8.286254 11.812772
9.122337 10.77821
10.263499 11.6662855
11.712983 11.785306
12.39562 12.710765
13.544222 12.293431
12.390089 12.697032
11.717847 11.77615
10.278567 11.490807
8.935131 10.993362
7.5815864 11.907378
6.0934787 12.049287
5.702092 13.771267
3.8139198 14.151979
3.9444773 12.68101
15
6.7676287 10.969711
6.330752 12.384985
5.773999 13.644617
5.180721 12.497139
4.4930286 13.359274
3.179538 13.993286
2.8800855 11.586938
2.8317344 9.755856
2.8205764 11.5671015
2.858151 13.511864
4.5044727 13.372244
5.1720424 12.507057
5.3194795 13.960479
6.249404 12.844282
7.120296 11.905088
14
6.7709665 10.947585
7.084533 12.255283
8.2359 11.622797
9.125674 10.775158
10.263213 11.662471
11.761716 11.533532
12.749623 10.8049135
13.5529 8.471809
13.082455 9.749752
12.243701 11.335164
10.281047 11.483177
8.932842 10.994888
8.026951 11.832608
6.818459 10.921645
17
3.589712 12.635996
4.93496 12.248417
6.344485 12.382696
7.1160045 11.654078
6.5704093 10.193027
5.751683 9.42855
6.807397 8.827344
7.1202006 7.273213
6.7255716 6.10132
7.1108546 7.2762647
7.630796 8.347448
6.7790728 9.146257
6.1188464 10.342565
7.3604302 10.943007
6.591867 12.066834
4.9317174 12.236973
3.5919054 12.620737
16
6.757329 10.965133
5.3633485 10.650797
4.930001 9.505608
4.79601 7.7355614
3.9456217 6.2661176
2.6713269 4.0428777
3.8637013 3.5400932
2.833165 2.7023728
2.6408095 4.024567
3.393065 5.401694
4.103454 6.577401
4.783517 7.7439537
4.989414 9.070725
5.1523967 10.41886
6.0335884 11.537347
6.9143033 12.196536
15
5.2980223 12.168307
7.0170135 11.756313
8.292167 12.56199
8.917297 13.460746
10.456331 13.154039
11.47571 13.807889
12.367679 15.253681
13.041733 16.173037
12.37855 15.250629
11.6860895 14.009308
9.990749 13.782712
9.323562 12.9274435
7.985752 12.401007
6.843064 11.881437
5.602815 12.246891
16
11.565451 13.091477
10.291442 13.5767145
9.267676 11.965362
7.959049 12.165256
7.1313586 11.368734
6.250167 10.654612
5.743863 9.390402
5.778386 7.81796
4.4038606 7.566949
5.771329 7.8286414
6.067348 9.310292
6.2428236 10.661479
7.0265503 11.754787
8.467451 11.982147
9.899864 12.583352
10.813481 13.172351
15
6.7658167 10.9300375
7.0849147 12.249943
8.236758 11.622034
9.26348 12.735943
10.097275 13.466086
10.204848 16.458382
10.742051 17.522697
12.174846 17.868315
14.793912 19.30724
12.498999 17.987335
10.995346 17.623407
10.276469 16.751354
9.801827 14.158847
8.3717985 11.882963
6.8175054 10.921645
21
6.104732 9.679561
6.787179 10.544747
7.068702 11.869993
8.067959 12.805371
8.8843 13.507286
9.788667 14.124514
10.170421 16.34165
10.68607 17.507439
12.315417 17.928587
13.541456 18.601511
14.836923 19.354544
13.536783 18.567179
12.318183 17.893492
11.026531 17.621881
10.083256 15.667201
9.802781 14.193179
8.92321 13.5271225
8.230464 12.6153965
7.1051326 12.156099
6.821034 10.922408
6.28078 9.7314415
24
5.1476283 7.212177
5.6093 8.648813
6.1114078 10.330358
7.034561 11.747921
7.5910277 12.691691
8.880867 12.999161
9.788571 14.125277
10.135993 16.086061
10.667569 17.491417
11.909439 17.82025
13.54365 18.607615
14.593641 18.139162
14.957752 19.329367
14.912548 17.85916
14.021439 18.567179
12.4044895 17.93469
11.003643 17.621119
9.943161 14.878309
9.192241 13.806363
8.519617 12.830548
7.09016 12.626841
6.5122356 11.258869
5.775239 9.435416
5.470255 7.8080416
13
6.762002 10.91783
7.081672 12.344549
7.368155 10.933089
8.253352 9.289693
9.293712 7.3395896
10.195121 5.663386
12.248755 5.0156407
14.245074 3.5523002
12.723111 4.507515
10.764462 5.4673076
9.283984 7.3289084
7.7844324 10.134279
7.1499553 11.307698
12
6.769059 10.962081
6.3418145 12.3781185
4.9280934 12.237736
3.606687 12.013428
2.1525302 12.105745
0.73632914 12.305638
1.9207882 11.921111
3.3401363 11.821164
4.716855 12.217898
5.9646378 11.861601
7.0906367 12.249943
6.8182683 10.915542
13
6.7634325 10.966659
7.071754 12.44831
8.5138 12.855726
8.075111 14.109255
8.926357 15.752651
9.240497 17.201496
8.747544 18.515297
9.192431 17.319754
8.946289 15.749599
8.099907 14.121462
8.942379 13.374533
7.5886436 12.657359
6.8227506 10.933089
19
6.766389 10.959792
7.083484 12.252995
8.436171 11.168078
9.217036 11.913482
10.049591 12.804608
11.528925 13.299001
12.711572 13.910125
13.735337 15.300984
14.070457 16.556038
14.952316 17.38613
14.089149 16.558327
13.748784 15.253681
12.922714 14.240482
11.789659 13.270008
10.296878 12.93431
9.2549925 11.935607
8.148257 11.293965
7.3457437 12.011139
6.8185544 10.926986
25
6.773637 10.960555
6.486582 12.175937
6.014324 13.228046
5.232505 14.422828
3.802285 14.151979
2.9198534 13.211261
2.8637776 11.1429
2.8149498 9.466697
2.4523642 8.197909
0.017738275 4.97673
0.039768066 1.7296101
1.4401381 1.9623102
2.5587938 2.3460746
3.8349006 3.5240712
2.5342844 2.2896163
1.3080547 1.9012741
0.87413454 6.239414
2.3931413 8.247501
2.7482882 9.4445715
2.8118026 11.638819
2.864636 13.537805
3.9922562 14.224461
5.209998 14.573892
6.2671423 12.851912
7.115337 11.918822
14
11.551432 8.455024
10.110531 8.214694
9.515154 9.617762
8.713975 10.666057
7.8561482 11.603724
6.5013638 11.282521
5.6628013 10.546273
4.243167 10.833142
5.6395316 10.547036
6.8956113 11.644922
8.389727 11.210803
9.229339 10.13199
10.038338 8.76936
11.26018 8.462653
11
11.551432 8.455024
10.110531 8.214694
9.515154 9.617762
8.713975 10.666057
7.8561482 11.603724
6.819508 10.920119
7.0855823 12.252995
8.054512 11.584649
9.229339 10.13199
10.038338 8.76936
11.26018 8.462653
16
5.1209254 7.1107044
5.990673 8.873121
6.516527 10.154116
9.263099 12.737469
10.781152 13.168536
12.529993 13.419547
14.173549 13.762112
12.984798 13.411918
11.661675 13.121233
10.29354 12.93431
9.034504 12.508583
8.283965 11.613642
7.1780887 10.75227
6.221366 9.651331
5.869557 8.237583
5.101566 7.459373
13
6.7863207 10.928512
7.0622177 12.604715
5.696847 13.801023
4.7514734 14.89662
3.3504357 15.091172
2.1515765 15.610743
0.54654866 15.751125
2.0408552 15.666438
3.2606955 15.140764
4.7281084 14.904249
5.7032366 13.8056
6.256652 12.841229
7.120868 11.916533
21
3.3651223 7.6813917
4.2599516 8.5626
5.459383 8.957046
6.766198 8.714427
7.560606 7.676051
8.818307 7.317464
9.796105 7.8416114
10.604628 8.685435
11.434797 9.874876
13.090561 9.755093
14.744512 9.856565
13.520285 9.540704
12.362052 9.900053
11.052948 9.527733
10.187491 8.559548
9.544718 7.5715265
7.793969 7.607385
6.7675333 8.704509
5.342463 8.946364
3.7181714 9.101244
4.0921054 7.6997023
6
3.3778062 7.6745253
0.2664556 5.3765163
0.31928894 2.8282597
0.061034925 5.1857786
1.9282267 7.5799193
3.3387058 7.676051
25
6.773637 10.960555
6.486582 12.175937
6.014324 13.228046
5.232505 14.422828
3.802285 14.151979
2.9198534 13.211261
2.8637776 11.1429
2.8149498 9.466697
2.4523642 8.197909
0.017738275 4.97673
0.039768066 1.7296101
1.4401381 1.9623102
2.5587938 2.3460746
3.8349006 3.5240712
2.5342844 2.2896163
1.3080547 1.9012741
0.87413454 6.239414
2.3931413 8.247501
2.7482882 9.4445715
2.8118026 11.638819
2.864636 13.537805
3.9922562 14.224461
5.209998 14.573892
6.2671423 12.851912
7.115337 11.918822
16
11.565451 13.091477
10.291442 13.5767145
9.267676 11.965362
7.959049 12.165256
7.1313586 11.368734
6.250167 10.654612
5.743863 9.390402
5.778386 7.81796
4.4038606 7.566949
5.771329 7.8286414
6.067348 9.310292
6.2428236 10.661479
7.0265503 11.754787
8.467451 11.982147
9.899864 12.583352
10.813481 13.172351
300
7 5
3 0
12 8
14 10
13 9
1 12
10 7
8 6
4 3
3 2
6 4
9 7
1 13
11 8
12 9
13 10
14 11
12 10
7 6
13 11
8 7
5 4
6 5
11 9
1 14
10 8
14 12
13 12
10 9
9 8
1 15
11 10
14 13
12 11
8 4
2 1
4 0
1 8
2 16
14 7
10 5
12 6
4 2
6 3
0 16
0 1
2 17
0 17
9 5
13 7
11 6
1 9
0 18
2 18
2 19
0 19
5 3
14 8
10 6
12 7
8 5
7 4
1 10
11 7
9 6
14 9
1 11
13 8
6 2
3 1
3 16
2 12
0 12
6 0
1 6
14 5
12 4
8 3
3 17
3 18
13 5
2 13
0 13
11 4
3 19
2 14
5 0
10 4
7 3
0 14
12 5
14 6
1 7
5 2
11 5
0 15
2 15
9 4
13 6
4 1
8 2
2 8
4 16
12 3
0 8
3 12
8 0
1 4
4 17
3 13
4 18
11 3
0 9
2 9
4 19
10 3
1 5
0 10
7 2
2 10
14 4
3 14
7 0
9 3
13 4
0 11
2 11
3 15
4 12
0 6
1 3
12 0
6 1
5 14
2 6
6 16
12 2
3 8
6 17
11 2
4 13
5 15
11 0
3 9
6 18
6 19
5 16
5 1
14 3
0 7
2 7
3 10
10 0
4 14
10 2
5 17
9 2
4 15
3 11
13 3
9 0
5 18
5 19
5 10
3 6
1 2
1 0
2 4
8 1
0 4
4 8
6 12
7 14
8 16
9 18
9 19
8 17
6 13
7 15
8 18
5 11
4 9
8 19
6 14
7 16
14 0
2 5
4 10
5 12
0 5
14 2
7 1
3 7
7 17
4 11
13 0
5 13
7 18
13 2
6 15
7 19
11 15
7 10
6 8
9 13
10 14
8 12
5 7
12 16
13 18
0 3
12 1
2 3
3 4
4 6
13 19
12 17
8 13
6 9
10 15
12 18
9 14
7 11
11 16
11 1
12 19
11 17
8 14
9 15
3 5
10 1
5 8
10 16
6 10
7 12
11 18
4 7
11 19
10 17
6 11
9 1
5 9
8 15
10 18
7 13
9 16
10 19
9 17
5 5
6 6
7 7
3 3
4 4
13 13
0 0
2 2
1 1
2 0
1 16
10 10
8 8
9 9
12 12
11 11
14 14
0 2
1 17
12 13
8 9
13 14
14 15
1 18
10 11
11 12
9 10
1 19
11 13
12 14
10 12
5 6
6 7
7 8
8 10
9 11
4 5
14 1
13 15
14 16
14 17
11 14
9 12
10 13
7 9
8 11
14 18
13 16
12 15
13 1
14 19
13 17
