15 20 3.0
40
10
7.6480575 12.601664
6.771062 11.799802
6.053997 10.8552685
5.4537563 9.791715
5.2269735 8.4206915
4.9988556 7.100023
5.400828 8.66331
5.568769 10.234226
6.4123864 11.213092
7.0858684 12.265202
14
7.636518 12.600901
7.1313586 11.369497
6.6160903 10.225834
6.9378586 8.992142
5.989147 7.252613
5.454996 6.283665
4.7948656 5.380331
4.3369126 4.0764475
4.770833 5.3719387
5.411795 6.3118944
6.2161207 7.7050433
7.0838656 9.303426
6.6608176 10.829328
7.0950236 11.930266
16
6.767438 10.962081
7.084438 12.252232
8.688607 11.326772
9.397089 10.444037
10.401781 9.883268
12.025787 10.350195
13.0753975 9.803159
14.750043 9.864195
13.494059 9.523918
12.321235 9.889372
10.833413 9.36141
9.9212265 10.013733
9.127486 10.740826
8.193557 11.879911
7.43043 12.644388
6.8203664 10.924697
14
6.764577 10.949874
7.082626 12.25452
8.586184 10.991837
9.800969 9.146257
10.1194 7.6241703
10.254821 5.9891663
12.156344 5.040055
14.238208 3.5561152
12.80446 4.464027
10.825498 5.429923
10.059605 8.165866
9.209598 10.122835
8.148829 11.285573
7.1131434 12.102694
22
5.1337047 7.2449837
5.604532 8.612192
6.1132197 10.334935
8.870854 12.360571
9.83883 13.104448
10.203895 16.451515
10.797555 17.563135
12.324477 17.923246
13.55271 18.599222
14.606516 18.137636
14.963951 19.311054
14.649716 18.11017
13.57226 18.54963
12.54859 18.01709
10.955006 17.621881
10.275134 16.742199
9.802018 14.138247
8.372561 11.878386
7.5751967 10.949874
6.564306 10.177005
5.7626505 9.422446
5.3734574 7.380026
14
5.128364 7.2495613
5.5902267 8.548867
7.100269 9.32784
7.7629747 10.169375
9.423315 9.794766
10.027752 8.754864
11.435846 9.874113
12.447214 10.67979
11.44462 9.869535
9.955177 9.483482
8.759942 9.820706
7.096454 9.3019
6.0029755 8.876936
5.4511814 7.831693
29
3.3719888 7.675288
4.6488585 8.034638
6.390166 8.00412
7.7847185 7.613489
9.08028 7.2472725
9.918938 7.969787
9.912357 10.009155
10.246238 11.802854
10.768468 13.160144
12.461042 13.401236
13.084648 14.496834
13.778729 15.378042
14.088577 16.590372
14.989319 17.412832
14.964237 19.202717
14.957657 17.350271
14.093346 16.583506
13.804002 15.35668
13.105057 14.473946
12.618494 13.448539
11.333041 12.954909
10.351047 12.347601
10.40922 10.589761
10.029087 8.754864
9.545958 7.5715265
7.769269 7.606622
6.3719506 7.9980164
4.8318677 8.056001
3.3350818 7.6028075
11
5.1278872 7.2373543
5.4810314 5.7701993
4.572374 4.3900204
3.8710446 3.5408561
2.5883577 2.371252
0.6305671 1.8036164
2.0593565 2.0798047
2.984703 2.9869535
4.5080013 4.316777
5.1809115 5.161364
5.344752 6.9794765
27
3.9338915 3.959716
4.8072634 5.524529
4.967289 6.9466696
5.5824065 8.514534
6.765149 9.408713
7.666654 10.371557
8.42692 11.166553
9.215415 11.914245
10.033283 12.764935
9.798966 14.070344
10.222205 16.522469
10.829122 17.569239
12.144328 17.85687
13.549753 18.599222
14.742223 19.26833
12.562323 18.020905
11.043411 17.640192
10.230311 16.521706
9.792577 14.150454
10.112057 12.890821
9.261287 11.96231
7.782525 10.203708
7.0924487 9.302663
6.0099373 8.877699
5.4508953 7.8248262
4.958229 6.7483025
4.539091 4.41062
11
6.7517023 10.975052
7.0835795 12.250706
6.85899 10.953689
5.9296384 9.853514
5.619886 8.618296
6.2248945 7.707332
6.5883384 6.514076
6.207156 7.679103
5.5990005 8.632029
5.996109 10.041963
6.6840873 10.856794
12
6.7602854 10.958266
7.7626886 10.189975
8.694997 8.46189
9.291041 7.335012
10.174235 5.6839857
12.247611 5.0095367
14.245456 3.5553522
12.716149 4.5189595
10.645158 5.4818034
9.748326 6.462196
7.7934923 10.128176
7.1517673 11.306935
15
11.574034 13.093003
10.264644 13.575952
8.370273 11.881437
7.5714774 10.947585
6.5508595 10.160983
6.809972 8.757153
5.9853325 7.2808423
5.431536 6.2592506
4.598123 4.402991
5.361346 5.410086
6.79004 8.763256
6.526922 10.1686125
7.469816 11.06508
9.54262 13.018997
11.024719 13.236439
16
2.4103072 4.26566
1.185508 3.8681622
2.226058 3.1006331
3.4232008 2.3498893
5.0343323 1.3389791
6.4193482 1.0627909
6.798337 2.964065
7.355948 4.1145954
6.9386215 5.432212
7.3569016 4.1863127
6.8036776 2.9587243
6.8409657 1.4763104
5.2295485 1.2619212
3.6241393 2.2087433
1.0786015 3.8101778
1.8682408 4.7196155
14
5.1159663 7.1015487
5.474928 5.757229
5.9634933 4.728008
6.9231725 3.372244
8.69204 1.7883574
9.834443 3.6606393
10.649545 4.6074615
9.913597 3.8307774
8.769765 1.808194
6.8587995 2.2842755
6.146312 3.1906614
5.9495697 4.7295337
5.461481 5.75494
5.3011694 7.1831846
16
5.1375194 7.254139
5.5798316 8.5206375
4.1661105 8.88838
4.3794465 10.42649
5.1201625 11.194018
5.1860614 13.577477
3.8021896 14.170291
5.1598353 14.440375
3.815541 14.154268
5.199794 13.59121
5.178718 11.430533
4.8258595 10.158694
3.6317687 9.559014
4.503233 8.899824
5.5846 8.465705
5.164699 7.3228045
19
6.755517 10.973526
7.0794787 12.256809
9.0416565 11.759365
10.291728 11.496147
11.352115 10.986496
12.5041485 10.546273
12.915276 9.246967
13.5441265 8.247501
13.930935 6.712444
14.608614 5.725948
13.921303 6.711681
13.533255 8.2459755
12.905357 9.246967
12.56423 10.417335
11.489634 10.944533
10.284766 11.487755
8.787885 11.189441
7.57739 11.906615
6.817982 10.923934
15
6.766961 10.959029
7.0671763 12.451362
8.15417 11.969177
9.07885 12.5658045
10.115585 13.137255
11.8965645 13.338674
13.59696 13.390554
14.744035 13.820096
13.445803 13.38674
11.790517 13.2776375
10.579355 13.593499
9.554636 12.991531
8.653512 12.156099
7.560606 12.603952
7.0133896 11.415275
13
6.766103 10.968184
7.06813 12.614634
5.7771463 13.640039
5.2547255 14.669261
3.772149 15.036241
2.1388927 15.627527
0.6703351 15.734341
2.1407046 15.632868
3.3599725 15.107195
4.8377805 14.885176
5.702569 13.8056
6.25751 12.838178
7.114288 11.925689
6
3.3778062 7.6745253
0.2664556 5.3765163
0.31928894 2.8282597
0.061034925 5.1857786
1.9282267 7.5799193
3.3387058 7.676051
18
5.125026 7.125963
6.5384617 6.64683
7.328196 5.7595177
8.460108 6.2165256
9.803353 6.3744564
10.644204 5.5001144
12.228633 5.0209813
12.855004 3.8994431
13.519331 2.5932708
14.506762 1.3862821
13.631101 2.3842223
12.928627 3.588159
12.308742 4.9530783
10.796887 5.4467077
9.796868 6.3607235
8.217685 6.2905316
6.9630356 5.770962
6.2741995 7.1198597
18
11.551336 13.083848
10.344943 12.335393
10.96912 11.281758
12.098076 10.904097
12.880085 9.324025
13.546988 8.242924
13.925785 6.720073
14.629212 5.7007704
14.738599 4.0978103
14.621679 5.693904
13.918823 6.7147326
13.537355 8.239872
12.870358 9.324025
12.501192 10.539407
11.348395 10.980392
10.534533 11.76318
10.278949 13.144121
11.724904 13.321126
16
3.3723702 7.671473
4.6576324 8.049134
5.1017566 6.9565883
4.641706 4.7493706
3.8909764 3.5523002
5.3348336 3.3104448
5.4885654 1.886015
6.4927807 1.0467689
7.5225544 0.57450217
5.626085 1.1894407
5.286006 2.3994813
4.4545956 3.304341
4.605085 4.725719
4.9325757 6.0730906
5.0640864 7.4456396
3.3280246 7.6104374
14
6.7621927 10.969711
6.7575197 9.472801
6.2448263 7.738613
7.4803066 6.7986574
8.596388 6.1654077
10.133323 5.677882
12.287761 4.9897003
14.245551 3.5500114
12.73198 4.505226
10.248145 5.6137943
8.5898075 6.1524377
6.909821 7.178607
6.7937593 8.764782
6.5493336 10.13199
18
6.777547 10.944533
7.8395543 11.388571
8.432547 10.445563
9.034885 9.350729
9.852468 8.254368
10.257205 5.983825
12.0569725 5.0720987
11.902382 3.634699
11.585859 2.309453
11.519293 0.6034943
11.631158 2.0241094
11.7950945 3.4431982
12.037613 5.0652323
10.761506 5.459678
10.07 8.079652
9.026112 9.349203
8.426348 10.4432745
7.360907 10.939193
15
6.7932825 19.771877
7.5319004 18.784618
8.861794 19.011215
10.381945 19.835966
11.670545 19.427786
12.713098 18.873121
14.039082 18.59083
14.897289 17.901884
14.030689 18.586252
12.710904 18.868544
11.663678 19.419394
10.656888 19.9176
8.850446 19.629969
8.00473 18.863966
6.9481583 19.5346
24
8.843484 4.1123066
9.154666 5.7610435
9.461939 7.013809
7.6662726 10.363928
8.540789 11.271839
8.435503 12.799268
9.02306 13.795682
10.276088 16.84062
11.041218 17.672235
12.4771595 18.014801
14.330333 19.088274
12.905453 18.219273
11.570219 17.725643
10.526236 17.251087
10.166415 16.045624
9.806405 14.174869
8.939899 13.404287
8.523718 12.307164
8.267562 10.68513
8.462778 8.915084
9.069313 7.7759976
9.636651 6.7009993
9.308017 4.881361
8.954777 3.6697948
21
3.317248 11.951629
3.8421485 13.284505
4.6841445 14.19089
5.786874 13.636225
6.5217724 12.719158
7.433577 12.104982
9.122337 10.77821
10.263499 11.6662855
11.712983 11.785306
12.39562 12.710765
13.544222 12.293431
12.390089 12.697032
11.717847 11.77615
10.278567 11.490807
8.935131 10.993362
7.5815864 11.907378
6.0934787 12.049287
5.7781 13.631647
4.8312955 14.195468
3.8525434 13.284505
3.521143 11.998169
21
14.750043 9.85504
14.974346 8.50309
14.43495 6.0090027
12.307693 4.9492636
10.629899 4.742504
9.587252 3.9993896
8.213202 4.8851757
6.8697667 5.1766233
5.5324345 5.745022
4.8240476 4.6715493
4.1169963 3.823911
4.8769765 4.7798886
5.7709475 5.5596247
7.0414276 5.1987486
8.461824 4.17258
9.944782 3.9681087
10.337981 5.3002214
11.518721 4.4663157
14.071602 5.8091097
14.922848 7.1007857
14.599173 9.08217
15
6.7676287 10.969711
6.330752 12.384985
5.773999 13.644617
5.180721 12.497139
4.4930286 13.359274
3.179538 13.993286
2.8800855 11.586938
2.8317344 9.755856
2.8205764 11.5671015
2.858151 13.511864
4.5044727 13.372244
5.1720424 12.507057
5.3194795 13.960479
6.249404 12.844282
7.120296 11.905088
14
6.7709665 10.947585
7.084533 12.255283
8.2359 11.622797
9.125674 10.775158
10.263213 11.662471
11.761716 11.533532
12.749623 10.8049135
13.5529 8.471809
13.082455 9.749752
12.243701 11.335164
10.281047 11.483177
8.932842 10.994888
8.026951 11.832608
6.818459 10.921645
17
3.589712 12.635996
4.93496 12.248417
6.344485 12.382696
7.1160045 11.654078
6.5704093 10.193027
5.751683 9.42855
6.807397 8.827344
7.1202006 7.273213
6.7255716 6.10132
7.1108546 7.2762647
7.630796 8.347448
6.7790728 9.146257
6.1188464 10.342565
7.3604302 10.943007
6.591867 12.066834
4.9317174 12.236973
3.5919054 12.620737
16
6.757329 10.965133
5.3633485 10.650797
4.930001 9.505608
4.79601 7.7355614
3.9456217 6.2661176
2.6713269 4.0428777
3.8637013 3.5400932
2.833165 2.7023728
2.6408095 4.024567
3.393065 5.401694
4.103454 6.577401
4.783517 7.7439537
4.989414 9.070725
5.1523967 10.41886
6.0335884 11.537347
6.9143033 12.196536
7
11.584333 13.115892
11.801103 11.815061
12.7473345 10.811017
13.713307 10.089265
12.739324 10.807202
11.747697 11.52285
11.304526 12.957198
19
4.0270653 3.9421682
4.5800033 2.7077134
6.025959 2.5474937
7.624025 2.1271076
7.5420094 3.5492485
8.986439 4.3244066
10.257682 4.772259
10.837514 3.8162813
11.889317 4.8416877
14.236396 3.5492485
12.737893 4.508278
10.82874 3.7834744
10.527571 5.1071944
9.573805 4.3625546
8.090847 4.0131226
7.6800056 2.0424201
6.0416946 2.5017166
4.7921953 3.1784542
3.9878693 3.8895247
15
11.582617 13.116655
10.130462 13.170825
9.80116 14.357214
8.499876 14.934768
9.068264 16.41413
8.6373 17.617304
7.8021708 18.411535
6.998226 19.488823
7.666368 18.579386
8.534304 17.71954
9.135974 16.646067
8.516851 14.952315
9.810792 15.172046
10.029755 13.682002
11.174636 13.24712
14
5.2980223 12.168307
7.0170135 11.756313
8.292167 12.56199
8.917297 13.460746
10.456331 13.154039
11.47571 13.807889
12.367679 15.253681
13.041733 16.173037
12.37855 15.250629
11.6860895 14.009308
9.990749 13.782712
9.323562 12.9274435
7.8528104 12.293431
6.3422914 12.362097
16
11.565451 13.091477
10.291442 13.5767145
9.267676 11.965362
7.959049 12.165256
7.1313586 11.368734
6.250167 10.654612
5.743863 9.390402
5.778386 7.81796
4.4038606 7.566949
5.771329 7.8286414
6.067348 9.310292
6.2428236 10.661479
7.0265503 11.754787
8.467451 11.982147
9.899864 12.583352
10.813481 13.172351
16
5.309371 12.199588
6.438326 11.75555
6.001068 10.529488
4.9479294 9.729153
4.507715 8.263523
4.228099 6.9031816
3.6230903 5.899901
2.6743786 5.1689935
1.3958877 4.7814145
2.3243816 5.3887234
3.6469321 5.952544
4.438669 7.2663465
4.612905 8.898298
5.0437737 10.032807
6.3265557 10.708781
6.0992007 12.040132
7
5.122165 7.2312503
3.8491101 7.6218815
1.9866867 7.566949
0.0022888097 7.428092
1.4230673 7.6005187
4.0364113 7.65774
5.0980372 8.13611
11
10.911327 5.3452353
10.8410425 3.8155184
11.58214 2.3117418
11.52368 0.6065461
13.061855 1.5777829
14.2322 2.0256352
13.067482 1.5709163
11.937477 0.6301976
11.59387 1.9325551
11.155562 3.0052643
10.623987 4.7409782
25
7 5
3 6
12 2
3 4
12 6
5 14
4 0
3 1
6 12
4 3
1 13
9 7
11 1
11 6
3 19
8 7
14 6
12 10
3 7
14 3
14 4
14 17
9 8
0 11
5 9
