30 40 2.0
40
10
15.296115 25.203327
13.542124 23.599604
12.107994 21.710537
10.907513 19.58343
10.453947 16.841383
9.997711 14.200046
10.801656 17.32662
11.137538 20.468452
12.824773 22.426184
14.171737 24.530403
14
15.273036 25.201801
14.262717 22.738995
13.232181 20.451668
13.875717 17.984283
11.978294 14.505226
10.909992 12.56733
9.589731 10.760662
8.673825 8.152895
9.541666 10.743877
10.82359 12.623789
12.432241 15.410087
14.167731 18.606852
13.321635 21.658655
14.190047 23.860533
16
13.534876 21.924162
14.168876 24.504463
17.377214 22.653543
18.794178 20.888075
20.803562 19.766537
24.051575 20.70039
26.150795 19.606318
29.500086 19.72839
26.988117 19.047836
24.64247 19.778744
21.666826 18.72282
19.842453 20.027466
18.254972 21.481651
16.387114 23.759823
14.86086 25.288776
13.640733 21.849394
14
13.529154 21.899748
14.165252 24.50904
17.172367 21.983673
19.601938 18.292515
20.2388 15.248341
20.509642 11.9783325
24.312689 10.08011
28.476416 7.1122303
25.60892 8.928054
21.650995 10.859846
20.11921 16.331732
18.419195 20.24567
16.297659 22.571146
14.226287 24.205387
22
10.267409 14.489967
11.209064 17.224384
12.226439 20.66987
17.741709 24.721142
19.67766 26.208897
20.40779 32.90303
21.59511 35.12627
24.648954 35.846493
27.10542 37.198444
29.213032 36.275272
29.927902 38.62211
29.299433 36.22034
27.14452 37.09926
25.09718 36.03418
21.910011 35.243763
20.550268 33.484398
19.604036 28.276493
16.745123 23.756771
15.1503935 21.899748
13.128612 20.35401
11.525301 18.844893
10.746915 14.760052
14
10.256728 14.499123
11.180453 17.097734
14.200538 18.65568
15.5259495 20.33875
18.84663 19.589533
20.055504 17.509727
22.871693 19.748226
24.894428 21.35958
22.88924 19.73907
19.910355 18.966965
17.519884 19.641413
14.192908 18.6038
12.005951 17.753872
10.902363 15.663386
29
6.7439775 15.350576
9.297717 16.069277
12.780332 16.00824
15.569437 15.226978
18.16056 14.494545
19.837875 15.939574
19.824715 20.01831
20.492476 23.605707
21.536936 26.320288
24.922085 26.802471
26.169296 28.993668
27.557459 30.756084
28.177155 33.180744
29.978638 34.825665
29.928474 38.405434
29.915314 34.700542
28.186691 33.16701
27.608004 30.71336
26.210114 28.947891
25.236988 26.897078
22.666082 25.909819
20.702093 24.695202
20.81844 21.179522
20.058174 17.509727
19.091915 15.143053
15.538538 15.213244
12.743901 15.996033
9.663735 16.112001
6.6701636 15.205615
11
10.2557745 14.474709
10.962063 11.540399
9.144748 8.780041
7.7420893 7.0817122
5.1767154 4.742504
1.2611341 3.6072328
4.118713 4.1596093
5.969406 5.973907
9.016003 8.633554
10.361823 10.322728
10.689504 13.958953
27
7.867783 7.919432
9.614527 11.049058
9.934578 13.893339
11.164813 17.029068
13.530298 18.817427
15.333308 20.743114
16.85384 22.333105
18.43083 23.82849
20.066566 25.52987
19.597933 28.140688
20.44441 33.044937
21.658243 35.138477
24.288656 35.71374
27.099506 37.198444
29.484446 38.53666
25.124645 36.04181
22.086823 35.280384
20.460623 33.04341
19.585154 28.300907
20.224113 25.781643
18.522573 23.92462
15.56505 20.407415
14.184897 18.605326
12.019875 17.755398
10.901791 15.6496525
9.916458 13.496605
9.078182 8.82124
11
13.503405 21.950104
14.167159 24.501411
13.71798 21.907377
11.859277 19.707027
11.239772 17.236591
12.449789 15.414664
13.176677 13.028152
12.414312 15.358206
11.198001 17.264057
11.992218 20.083925
13.368175 21.713589
12
13.520571 21.916533
15.525377 20.37995
17.389994 16.92378
18.582083 14.670024
20.34847 11.367971
24.495222 10.0190735
28.490911 7.1107044
25.432299 9.037919
21.290316 10.963607
19.496653 12.924392
15.586985 20.256351
14.3035345 22.61387
15
23.148067 26.186007
20.529287 27.151903
16.740545 23.762875
15.142955 21.89517
13.101719 20.321966
13.619944 17.514305
11.970665 14.561685
10.863072 12.518501
9.196246 8.805982
10.722692 10.820172
13.58008 17.526512
13.053844 20.337225
14.939632 22.13016
19.08524 26.037994
22.049438 26.472878
16
4.8206143 8.53132
2.371016 7.7363243
4.452116 6.2012663
6.8464017 4.6997786
10.068665 2.6779583
12.8386965 2.1255817
13.596674 5.92813
14.711896 8.229191
13.877243 10.864424
14.713803 8.372625
13.607355 5.9174485
13.6819315 2.9526207
10.459097 2.5238423
7.2482786 4.4174867
2.157203 7.6203556
3.7364817 9.439231
14
10.231933 14.203097
10.949856 11.514458
11.926987 9.456016
13.846345 6.744488
17.38408 3.5767148
19.668886 7.3212786
21.29909 9.214923
19.827194 7.661555
17.53953 3.616388
13.717599 4.568551
12.292624 6.381323
11.899139 9.459067
10.922962 11.50988
10.602339 14.366369
16
10.275039 14.508278
11.159663 17.041275
8.332221 17.77676
8.758893 20.85298
10.240325 22.388037
10.372123 27.154955
7.604379 28.340582
10.319671 28.88075
7.631082 28.308537
10.399588 27.18242
10.357436 22.861067
9.651719 20.317389
7.2635374 19.118029
9.006466 17.799648
11.1692 16.93141
10.329398 14.645609
19
13.511034 21.947052
14.1589575 24.513618
18.083313 23.51873
20.583456 22.992294
22.70423 21.972992
25.008297 21.092546
25.830551 18.493935
27.088253 16.495003
27.86187 13.424888
29.217228 11.451896
27.842606 13.423362
27.06651 16.491951
25.810715 18.493935
25.12846 20.83467
22.979267 21.889067
20.569532 22.97551
17.57577 22.378881
15.15478 23.81323
13.635964 21.847868
15
13.533922 21.918058
14.134353 24.902723
16.30834 23.938354
18.1577 25.131609
20.23117 26.27451
23.793129 26.677347
27.19392 26.781109
29.48807 27.640192
26.891605 26.77348
23.581034 26.555275
21.15871 27.186998
19.109272 25.983063
17.307024 24.312199
15.121212 25.207905
14.026779 22.83055
13
13.532206 21.936369
14.13626 25.229267
11.554293 27.280079
10.509451 29.338522
7.544298 30.072481
4.2777853 31.255054
1.3406702 31.468681
4.2814093 31.265736
6.719945 30.21439
9.675561 29.770351
11.405138 27.6112
12.51502 25.676355
14.228576 23.851377
6
6.7556124 15.3490505
0.5329112 10.753033
0.6385779 5.6565194
0.12206985 10.371557
3.8564534 15.159839
6.6774116 15.352102
18
10.250052 14.251926
13.076923 13.29366
14.656392 11.519035
16.920216 12.433051
19.606707 12.748913
21.288408 11.000229
24.457266 10.041963
25.710009 7.7988863
27.038662 5.1865416
29.013523 2.7725642
27.262201 4.7684445
25.857254 7.176318
24.617483 9.906157
21.593775 10.893415
19.593737 12.721447
16.43537 12.581063
13.926071 11.541924
12.548399 14.239719
18
23.102673 26.167696
20.689886 24.670786
21.93824 22.563517
24.196152 21.808193
25.76017 18.64805
27.093975 16.485847
27.85157 13.440146
29.258425 11.401541
29.477198 8.195621
29.243359 11.387808
27.837646 13.429465
27.07471 16.479744
25.740717 18.64805
25.002384 21.078814
22.69679 21.960785
21.069065 23.52636
20.557898 26.288242
23.449808 26.642252
16
6.7447405 15.342946
9.315265 16.098269
10.203513 13.913177
9.283412 9.498741
7.781953 7.1046004
10.669667 6.6208897
10.977131 3.77203
12.985561 2.0935378
15.045109 1.1490043
11.25217 2.3788815
10.572012 4.7989626
8.909191 6.608682
9.21017 9.451438
9.865151 12.146181
10.128173 14.891279
6.6560493 15.220875
14
13.524385 21.939423
13.515039 18.945602
12.489653 15.477226
14.960613 13.597315
17.192776 12.330815
20.266645 11.355764
24.575521 9.979401
28.491102 7.100023
25.46396 9.010452
20.49629 11.227589
17.179615 12.304875
13.819642 14.357214
13.587519 17.529564
13.098667 20.26398
18
13.555094 21.889067
15.679109 22.777142
16.865093 20.891127
18.06977 18.701458
19.704935 16.508736
20.51441 11.96765
24.113945 10.144197
23.804764 7.269398
23.171719 4.618906
23.038586 1.2069886
23.262316 4.0482187
23.590189 6.8863964
24.075226 10.130465
21.523012 10.919356
20.14 16.159304
18.052223 18.698406
16.852695 20.886549
14.721814 21.878386
15
13.586565 39.543755
15.063801 37.569237
17.723589 38.02243
20.76389 39.671932
23.34109 38.85557
25.426195 37.746243
28.078163 37.18166
29.794579 35.80377
28.061378 37.172504
25.421808 37.737087
23.327356 38.838787
21.313776 39.8352
17.700891 39.259937
16.00946 37.727932
13.896317 39.0692
24
17.686968 8.224613
18.309332 11.522087
18.923878 14.027618
15.332545 20.727856
17.081577 22.543678
16.871006 25.598536
18.04612 27.591364
20.552176 33.68124
22.082436 35.34447
24.954319 36.029602
28.660666 38.176548
25.810905 36.438545
23.140438 35.451286
21.052471 34.502174
20.33283 32.091248
19.61281 28.349737
17.879799 26.808575
17.047436 24.614328
16.535124 21.37026
16.925556 17.830168
18.138626 15.551995
19.273302 13.4019985
18.616034 9.762722
17.909554 7.3395896
21
6.634496 23.903257
7.684297 26.56901
9.368289 28.38178
11.573748 27.27245
13.043545 25.438316
14.867154 24.209965
18.244675 21.55642
20.526999 23.332571
23.425966 23.570612
24.79124 25.42153
27.088444 24.586863
24.780178 25.394064
23.435694 23.5523
20.557135 22.981613
17.870262 21.986725
15.163173 23.814756
12.186957 24.098574
11.5562 27.263294
9.662591 28.390936
7.7050867 26.56901
7.042286 23.996338
21
29.500086 19.71008
29.948692 17.00618
28.8699 12.018005
24.615385 9.898527
21.259798 9.485008
19.174503 7.9987793
16.426405 9.770351
13.739533 10.353247
11.064869 11.490044
9.648095 9.343099
8.233993 7.647822
9.753953 9.559777
11.541895 11.119249
14.082855 10.397497
16.923649 8.34516
19.889565 7.9362173
20.675962 10.600443
23.037441 8.9326315
28.143204 11.618219
29.845695 14.201571
29.198345 18.16434
15
13.535257 21.939423
12.661504 24.76997
11.547998 27.289234
10.361442 24.994278
8.986057 26.718548
6.359076 27.986572
5.760171 23.173876
5.663469 19.511711
5.641153 23.134203
5.716302 27.023727
9.008945 26.744488
10.344085 25.014114
10.638959 27.920958
12.498808 25.688564
14.240592 23.810177
14
13.541933 21.89517
14.169066 24.510567
16.4718 23.245594
18.251348 21.550316
20.526426 23.324942
23.523432 23.067064
25.499247 21.609827
27.1058 16.943619
26.16491 19.499504
24.487402 22.670328
20.562094 22.966354
17.865685 21.989777
16.053902 23.665216
13.636918 21.84329
17
7.179424 25.271992
9.86992 24.496834
12.68897 24.765392
14.232009 23.308155
13.140819 20.386053
11.503366 18.8571
13.614794 17.654688
14.240401 14.546426
13.451143 12.20264
14.221709 14.552529
15.261592 16.694897
13.5581455 18.292515
12.237693 20.68513
14.7208605 21.886015
13.183734 24.133669
9.863435 24.473946
7.1838107 25.241474
16
13.514658 21.930265
10.726697 21.301594
9.860002 19.011215
9.59202 15.471123
7.8912435 12.532235
5.3426538 8.085755
7.7274027 7.0801864
5.66633 5.4047456
5.281619 8.049134
6.78613 10.803388
8.206908 13.154802
9.567034 15.487907
9.978828 18.14145
10.304793 20.83772
12.067177 23.074694
13.828607 24.393072
7
23.168667 26.231785
23.602205 23.630121
25.494669 21.622034
27.426615 20.17853
25.478647 21.614405
23.495394 23.0457
22.609053 25.914396
19
8.054131 7.8843365
9.1600065 5.4154267
12.051918 5.0949874
15.24805 4.2542152
15.084019 7.098497
17.972878 8.648813
20.515364 9.544518
21.675028 7.6325626
23.778633 9.683375
28.472792 7.098497
25.475786 9.016556
21.65748 7.566949
21.055141 10.214389
19.14761 8.725109
16.181694 8.026245
15.360011 4.0848403
12.083389 5.003433
9.584391 6.3569083
7.9757385 7.7790494
15
23.165234 26.23331
20.260923 26.34165
19.60232 28.714428
16.999752 29.869535
18.136528 32.82826
17.2746 35.234608
15.6043415 36.82307
13.996452 38.977646
15.332736 37.15877
17.068607 35.43908
18.271948 33.292133
17.033703 29.90463
19.621584 30.344091
20.05951 27.364004
22.349272 26.49424
14
10.596045 24.336615
14.034027 23.512627
16.584333 25.12398
17.834595 26.921492
20.912663 26.308079
22.95142 27.615778
24.735357 30.507362
26.083466 32.346073
24.7571 30.501259
23.372179 28.018616
19.981499 27.565424
18.647123 25.854887
15.705621 24.586863
12.684583 24.724194
16
23.130901 26.182955
20.582884 27.153429
18.535353 23.930723
15.918098 24.330511
14.262717 22.737469
12.500334 21.309223
11.487726 18.780804
11.556772 15.63592
8.807721 15.133898
11.542658 15.657283
12.134696 18.620584
12.485647 21.322958
14.053101 23.509575
16.934902 23.964294
19.799728 25.166704
21.626963 26.344702
16
10.618742 24.399176
12.876652 23.5111
12.002136 21.058975
9.895859 19.458305
9.01543 16.527046
8.456198 13.806363
7.2461805 11.799802
5.3487573 10.337987
2.7917755 9.562829
4.648763 10.777447
7.2938643 11.905088
8.877338 14.532693
9.22581 17.796597
10.087547 20.065615
12.653111 21.417562
12.198401 24.080263
7
10.24433 14.462501
7.6982203 15.243763
3.9733734 15.133898
0.0045776195 14.856184
2.8461347 15.201037
8.072823 15.31548
10.1960745 16.27222
11
21.822655 10.690471
21.682085 7.6310368
23.16428 4.6234837
23.04736 1.2130922
26.12371 3.1555657
28.4644 4.0512705
26.134964 3.1418326
23.874954 1.2603952
23.18774 3.8651102
22.311125 6.0105286
21.247974 9.4819565
50
11 15
3 16
21 29
18 13
1 12
24 33
29 22
26 39
13 39
15 12
11 8
12 20
21 34
26 22
28 12
9 15
11 19
1 29
4 15
19 34
18 2
1 15
9 4
23 11
15 29
18 36
8 1
24 24
1 0
10 21
0 35
15 2
6 26
22 3
16 36
16 37
4 19
18 21
6 7
2 5
26 30
5 12
4 10
11 27
29 36
8 11
22 28
18 6
6 30
28 37
