45 60 2.0
40
10
22.944172 37.804993
20.313187 35.399406
18.161991 32.565804
16.361269 29.375145
15.680921 25.262074
14.996567 21.300068
16.202484 25.98993
16.706306 30.702679
19.23716 33.639275
21.257605 36.795605
14
22.909554 37.802704
21.394075 34.10849
19.84827 30.677502
20.813576 26.976425
17.967442 21.75784
16.364988 18.850996
14.384597 16.140993
13.010738 12.229342
14.312499 16.115816
16.235386 18.935684
18.648361 23.11513
21.251596 27.910278
19.982452 32.487984
21.28507 35.7908
16
20.302315 32.886242
21.253313 36.756695
26.065823 33.980316
28.191267 31.332111
31.205343 29.649805
36.077362 31.050585
39.226192 29.409477
44.25013 29.592585
40.482178 28.571754
36.963703 29.668116
32.50024 28.08423
29.76368 30.041199
27.382458 32.222477
24.58067 35.639732
22.29129 37.933167
20.4611 32.77409
14
20.293732 32.84962
21.247877 36.76356
25.75855 32.97551
29.402908 27.438772
30.3582 22.87251
30.764462 17.967499
36.469032 15.120165
42.714622 10.668345
38.41338 13.39208
32.476494 16.289768
30.178814 24.497597
27.628792 30.368505
24.446487 33.85672
21.33943 36.308083
22
15.4011135 21.734951
16.813595 25.836576
18.339659 31.004807
26.612564 37.08171
29.51649 39.313347
30.611683 49.354546
32.392666 52.689407
36.97343 53.769737
40.658127 55.79767
43.81955 54.41291
44.891853 57.933163
43.94915 54.330513
40.71678 55.648888
37.645767 54.05127
32.865017 52.865646
30.825401 50.226597
29.406055 42.41474
25.117683 35.635155
22.72559 32.84962
19.692917 30.531013
17.287952 28.267338
16.120373 22.140078
14
15.385092 21.748684
16.77068 25.646603
21.300806 27.98352
23.288925 30.508125
28.269945 29.3843
30.083256 26.264591
34.30754 29.62234
37.341644 32.039368
34.333862 29.608606
29.865532 28.450447
26.279827 29.46212
21.289362 27.9057
18.008926 26.630808
16.353544 23.495079
29
10.115967 23.025864
13.946575 24.103916
19.170498 24.01236
23.354156 22.840467
27.24084 21.741817
29.756813 23.90936
29.737072 30.027466
30.738712 35.40856
32.305405 39.48043
37.383125 40.203705
39.253944 43.4905
41.33619 46.134125
42.26573 49.77112
44.967957 52.238495
44.89271 57.60815
44.87297 52.05081
42.280037 49.75052
41.412006 46.070038
39.31517 43.421837
37.855484 40.345615
33.999123 38.864727
31.053139 37.0428
31.22766 31.769283
30.087261 26.264591
28.637873 22.71458
23.307808 22.819866
19.115852 23.99405
14.495604 24.168003
10.005245 22.808422
11
15.383661 21.712063
16.443094 17.310598
13.717121 13.170061
11.613134 10.622568
7.765073 7.113756
1.8917012 5.410849
6.178069 6.239414
8.954109 8.96086
13.524004 12.950332
15.542734 15.484093
16.034256 20.938429
27
11.801675 11.8791485
14.42179 16.573587
14.901867 20.840008
16.74722 25.543602
20.295448 28.22614
22.999962 31.114672
25.28076 33.499657
27.646244 35.742733
30.09985 38.294804
29.3969 42.211033
30.666615 49.567406
32.487366 52.707718
36.432983 53.57061
40.64926 55.79767
44.22667 57.80499
37.686966 54.062714
33.130234 52.920578
30.690933 49.565117
29.377731 42.451363
30.33617 38.672462
27.78386 35.88693
23.347576 30.611122
21.277346 27.90799
18.029812 26.633097
16.352686 23.47448
14.874687 20.244907
13.617273 13.231861
11
20.255108 32.925156
21.250738 36.752117
20.576971 32.861065
17.788916 29.560541
16.859657 25.854887
18.674683 23.121996
19.765015 19.542229
18.621468 23.037308
16.797 25.896086
17.988327 30.125889
20.052261 32.57038
12
20.280857 32.874798
23.288067 30.569923
26.084991 25.38567
27.873123 22.005035
30.522705 17.051956
36.742832 15.02861
42.736366 10.666057
38.14845 13.556879
31.935474 16.44541
29.24498 19.386587
23.380478 30.384527
21.455301 33.920807
15
34.7221 39.27901
30.79393 40.727856
25.110817 35.64431
22.714432 32.842754
19.652578 30.482948
20.429916 26.271458
17.955997 21.842527
16.29461 18.777752
13.794369 13.208973
16.084038 16.230259
20.370121 26.289768
19.580767 30.505836
22.409449 33.19524
28.62786 39.05699
33.074158 39.709316
16
7.2309217 12.79698
3.556524 11.604486
6.678174 9.301899
10.269603 7.049668
15.102997 4.0169373
19.258045 3.1883726
20.395012 8.892195
22.067844 12.343786
20.815865 16.296635
22.070705 12.558938
20.411034 8.876173
20.522898 4.428931
15.688645 3.7857635
10.872417 6.6262302
3.2358046 11.430533
5.6047225 14.158846
14
15.3478985 21.304646
16.424784 17.271687
17.89048 14.184023
20.769518 10.116732
26.076122 5.3650723
29.50333 10.981918
31.948635 13.822384
29.740791 11.492332
26.309296 5.424582
20.576399 6.8528266
18.438936 9.571984
17.84871 14.188601
16.384443 17.26482
15.903508 21.549553
16
15.412558 21.762417
16.739494 25.561913
12.498331 26.66514
13.13834 31.279469
15.360487 33.582054
15.558184 40.732433
11.406569 42.51087
15.479506 43.321125
11.446623 42.462807
15.599381 40.773632
15.536154 34.2916
14.477579 30.476082
10.895306 28.677044
13.509699 26.699472
16.7538 25.397114
15.494097 21.968414
19
20.266552 32.920578
21.238436 36.770428
27.12497 35.278095
30.875183 34.48844
34.056343 32.959488
37.512444 31.63882
38.745827 27.740902
40.632378 24.742504
41.792805 20.137331
43.825844 17.177843
41.76391 20.135042
40.599762 24.737926
38.716072 27.740902
37.692688 31.252003
34.468903 32.8336
30.854298 34.463264
26.363655 33.56832
22.73217 35.719845
20.453947 32.7718
15
20.300884 32.877087
21.201529 37.354084
24.46251 35.90753
27.23655 37.697414
30.346756 39.411766
35.689693 40.01602
40.79088 40.17166
44.232105 41.46029
40.33741 40.160217
35.37155 39.832912
31.738066 40.7805
28.663908 38.974594
25.960537 36.4683
22.681818 37.81186
21.040169 34.245823
13
20.29831 32.904552
21.20439 37.843903
17.33144 40.92012
15.764176 44.007782
11.316447 45.108723
6.416678 46.882584
2.0110054 47.203022
6.422114 46.898605
10.079918 45.321587
14.513342 44.655525
17.107708 41.4168
18.77253 38.514534
21.342863 35.777065
6
10.133419 23.023575
0.7993668 16.129549
0.9578668 8.484779
0.18310478 15.557336
5.7846804 22.739758
10.016117 23.028152
18
15.375078 21.37789
19.615385 19.94049
21.984589 17.278553
25.380323 18.649576
29.41006 19.12337
31.932613 16.500343
36.685898 15.062944
38.565014 11.69833
40.55799 7.7798123
43.520287 4.1588464
40.893303 7.152667
38.78588 10.764477
36.926224 14.859235
32.390663 16.340122
29.390606 19.08217
24.653053 18.871595
20.889107 17.312887
18.822598 21.35958
18
34.654007 39.251545
31.034828 37.00618
32.90736 33.845276
36.294228 32.712288
38.640255 27.972076
40.64096 24.728771
41.777355 20.16022
43.887638 17.10231
44.215797 12.29343
43.865036 17.08171
41.75647 20.144197
40.61207 24.719616
38.611076 27.972076
37.50358 31.618221
34.045185 32.941177
31.603598 35.28954
30.836845 39.432365
35.174713 39.96338
16
10.117111 23.01442
13.972897 24.147404
15.305269 20.869764
13.9251175 14.248112
11.67293 10.6569
16.004501 9.9313345
16.465696 5.6580453
19.478342 3.1403067
22.567663 1.7235065
16.878254 3.5683222
15.858018 7.198444
13.363787 9.913023
13.815254 14.177156
14.797728 18.219273
15.192259 22.336918
9.984074 22.831312
14
20.28658 32.909134
20.27256 28.418404
18.734478 23.21584
22.44092 20.395973
25.789164 18.496223
30.399967 17.033646
36.86328 14.969101
42.736652 10.650034
38.195942 13.515678
30.744434 16.841383
25.769423 18.457314
20.729464 21.53582
20.381279 26.294346
19.648 30.395971
18
20.332642 32.8336
23.518663 34.16571
25.29764 31.336689
27.104656 28.052187
29.557404 24.763103
30.771614 17.951475
36.170918 15.216296
35.707146 10.904098
34.757576 6.928359
34.557877 1.8104829
34.893475 6.072328
35.385284 10.329595
36.11284 15.195697
32.28452 16.379034
30.21 24.238956
27.078335 28.04761
25.279043 31.329823
22.082722 32.817577
15
20.379848 59.31563
22.595701 56.353855
26.585384 57.033646
31.145834 59.507896
35.011635 58.283356
38.139294 56.61936
42.117245 55.77249
44.691868 53.70565
42.092068 55.75876
38.132713 56.60563
34.991035 58.25818
31.970665 59.7528
26.551338 58.889908
24.01419 56.591896
20.844475 58.603798
24
26.530453 12.33692
27.463997 17.28313
28.385817 21.041428
22.998817 31.091784
25.622366 33.815517
25.306509 38.397804
27.06918 41.387047
30.828262 50.52186
33.123653 53.01671
37.43148 54.044403
42.990997 57.264824
38.71636 54.657818
34.710655 53.17693
31.578707 51.75326
30.499245 48.13687
29.419216 42.524605
26.819698 40.21286
25.571154 36.921494
24.802685 32.05539
25.388334 26.74525
27.20794 23.327993
28.909954 20.102997
27.92405 14.644083
26.86433 11.009384
21
9.951744 35.854885
11.526445 39.853516
14.052433 42.57267
17.360622 40.908676
19.565317 38.157475
22.300732 36.31495
27.367012 32.33463
30.790497 34.998856
35.13895 35.35592
37.18686 38.132294
40.632668 36.880295
37.170265 38.091095
35.15354 35.32845
30.835701 34.47242
26.805393 32.980087
22.744759 35.722134
18.280436 36.14786
17.334301 40.894943
14.493887 42.586403
11.557631 39.853516
10.563429 35.994507
21
44.25013 29.565119
44.92304 25.50927
43.304848 18.027008
36.923077 14.847791
31.889698 14.227512
28.761755 11.998169
24.639606 14.655527
20.6093 15.52987
16.597303 17.235065
14.472143 14.014648
12.350988 11.471733
14.63093 14.339666
17.312843 16.678875
21.124283 15.596246
25.385473 12.517739
29.834347 11.9043255
31.013943 15.900664
34.55616 13.398947
42.214806 17.42733
44.768543 21.302357
43.797516 27.24651
15
20.302887 32.909134
18.992256 37.154953
17.321999 40.933853
15.542162 37.491417
13.479086 40.07782
9.538614 41.97986
8.640257 34.760815
8.495203 29.267567
8.461729 34.701305
8.574453 40.53559
13.513418 40.11673
15.516127 37.52117
15.958439 41.881435
18.74821 38.532845
21.360888 35.715263
14
20.3129 32.842754
21.2536 36.76585
24.707699 34.868393
27.377022 32.325474
30.789639 34.98741
35.28515 34.600597
38.24887 32.41474
40.6587 25.415428
39.247364 29.249256
36.731102 34.005493
30.84314 34.44953
26.798527 32.984665
24.080853 35.497826
20.455378 32.764935
17
10.769135 37.90799
14.80488 36.74525
19.033455 37.148087
21.348013 34.962234
19.711227 30.579079
17.25505 28.285648
20.422192 26.482033
21.360601 21.81964
20.176716 18.303959
21.332563 21.828794
22.892387 25.042345
20.33722 27.438772
18.356539 31.027695
22.081291 32.82902
19.7756 36.200504
14.795153 36.71092
10.775716 37.862213
16
20.271988 32.895397
16.090046 31.95239
14.790003 28.516823
14.38803 23.206684
11.836865 18.798353
8.013981 12.1286335
11.5911045 10.620279
8.499495 8.107119
7.9224286 12.073702
10.179195 16.205082
12.310362 19.732204
14.350551 23.231861
14.968243 27.212177
15.45719 31.25658
18.100765 34.61204
20.74291 36.589607
7
34.753 39.34768
35.40331 35.445183
38.242004 32.433052
41.139923 30.267796
38.21797 32.421608
35.24309 34.56855
33.913578 38.871593
19
12.081196 11.826505
13.740009 8.12314
18.077877 7.642481
22.872074 6.381323
22.626028 10.647745
26.959316 12.97322
30.773045 14.316778
32.512543 11.448844
35.66795 14.525063
42.709187 10.647745
38.21368 13.524834
32.48622 11.350424
31.582712 15.321583
28.721415 13.087664
24.272541 12.039368
23.040016 6.12726
18.125084 7.50515
14.376586 9.535362
11.963608 11.668574
15
34.74785 39.349968
30.391384 39.512474
29.40348 43.07164
25.499628 44.804302
27.204792 49.242386
25.9119 52.851913
23.406513 55.234604
20.994678 58.46647
22.999104 55.73816
25.602911 53.15862
27.40792 49.9382
25.550554 44.856945
29.432377 45.516136
30.089264 41.046005
33.523907 39.74136
14
15.894067 36.50492
21.05104 35.26894
24.8765 37.68597
26.751892 40.382236
31.368994 39.46212
34.42713 41.423668
37.103035 45.761044
39.1252 48.51911
37.13565 45.75189
35.05827 42.027924
29.972248 41.348137
27.970684 38.78233
23.558432 36.880295
19.026875 37.08629
16
34.69635 39.274433
30.874325 40.730145
27.803028 35.896084
23.877148 36.495766
21.394075 34.1062
18.7505 31.963835
17.23159 28.171206
17.33516 23.45388
13.211582 22.700848
17.313988 23.485924
18.202044 27.930878
18.72847 31.984436
21.07965 35.264362
25.402353 35.94644
29.699593 37.750057
32.440445 39.51705
16
15.928113 36.598763
19.314978 35.26665
18.003204 31.588463
14.843788 29.187458
13.523146 24.79057
12.684297 20.709545
10.86927 17.699703
8.023136 15.506981
4.187663 14.344244
6.9731445 16.16617
10.940796 17.857632
13.316008 21.79904
13.838715 26.694895
15.131321 30.098423
18.979668 32.126343
18.297602 36.120396
7
15.366495 21.69375
11.547331 22.865644
5.96006 22.700848
0.006866429 22.284275
4.269202 22.801556
12.109234 22.97322
15.294111 24.40833
11
32.733982 16.035706
32.52313 11.446555
34.74642 6.9352255
34.571037 1.8196383
39.185566 4.733349
42.696598 6.0769057
39.202446 4.712749
35.81243 1.8905928
34.78161 5.797665
33.466686 9.015793
31.871962 14.222935
50
3 33
25 36
5 58
27 10
28 43
33 13
25 38
2 54
29 3
4 55
1 14
15 52
6 42
22 38
38 4
15 55
2 30
26 48
2 15
0 31
6 46
21 40
19 18
11 22
6 3
17 34
2 32
6 48
4 34
20 21
8 17
35 37
34 36
11 48
41 12
22 26
14 0
24 7
19 46
29 35
18 45
43 53
44 7
18 6
12 15
10 26
13 33
25 1
21 14
26 35
