60 80 1.0
40
10
30.59223 50.406654
27.084248 47.199207
24.215988 43.421074
21.815025 39.16686
20.907894 33.682766
19.995422 28.400091
21.603312 34.65324
22.275076 40.936905
25.649546 44.852367
28.343473 49.060806
14
30.546072 50.403603
28.525434 45.47799
26.464361 40.903336
27.751434 35.968567
23.956589 29.010452
21.819984 25.13466
19.179462 21.521324
17.34765 16.30579
19.083332 21.487755
21.64718 25.247578
24.864483 30.820173
28.335463 37.213703
26.64327 43.31731
28.380095 47.721066
16
27.069752 43.848324
28.337751 49.008926
34.75443 45.307087
37.588356 41.77615
41.607124 39.533073
48.10315 41.40078
52.30159 39.212635
59.00017 39.45678
53.976234 38.095673
49.28494 39.557487
43.333652 37.44564
39.684906 40.05493
36.509945 42.963303
32.774227 47.519646
29.72172 50.577553
27.281466 43.698788
14
27.058308 43.799496
28.330503 49.01808
34.344734 43.967346
39.203876 36.58503
40.4776 30.496681
41.019283 23.956665
48.625378 20.16022
56.95283 14.224461
51.21784 17.856108
43.30199 21.719692
40.23842 32.663464
36.83839 40.49134
32.595318 45.142292
28.452574 48.410774
22
20.534819 28.979935
22.418127 34.44877
24.452879 41.33974
35.483418 49.442284
39.35532 52.417793
40.81558 65.80606
43.19022 70.25254
49.29791 71.692986
54.21084 74.39689
58.426064 72.550545
59.855804 77.24422
58.598866 72.44068
54.28904 74.19852
50.19436 72.06836
43.820023 70.487526
41.100536 66.968796
39.208073 56.552986
33.490246 47.513542
30.300787 43.799496
26.257223 40.70802
23.050602 37.689785
21.49383 29.520103
14
20.513456 28.998245
22.360907 34.19547
28.401075 37.31136
31.051899 40.6775
37.69326 39.179066
40.111008 35.019455
45.743385 39.496452
49.788857 42.71916
45.77848 39.47814
39.82071 37.93393
35.03977 39.282825
28.385817 37.2076
24.011902 35.507744
21.804726 31.326773
29
13.487955 30.701153
18.595434 32.138554
25.560663 32.01648
31.138874 30.453957
36.32112 28.98909
39.67575 31.879148
39.64943 40.03662
40.98495 47.211414
43.07387 52.640575
49.84417 53.604942
52.338593 57.987335
55.114918 61.51217
56.35431 66.36149
59.957275 69.65133
59.85695 76.81087
59.830627 69.401085
56.373383 66.33402
55.216007 61.42672
52.420227 57.895782
50.473976 53.794155
45.332165 51.819637
41.404186 49.390404
41.63688 42.359043
40.11635 35.019455
38.18383 30.286106
31.077076 30.426489
25.487803 31.992065
19.32747 32.224003
13.340327 30.41123
11
20.511549 28.949417
21.924126 23.080797
18.289495 17.560081
15.484179 14.1634245
10.353431 9.485008
2.5222683 7.2144656
8.237426 8.319219
11.938812 11.947814
18.032005 17.267109
20.723646 20.645456
21.379007 27.917906
27
15.735566 15.838864
19.229053 22.098116
19.869156 27.786678
22.329626 34.058136
27.060596 37.634853
30.666616 41.48623
33.70768 44.66621
36.86166 47.65698
40.133133 51.05974
39.195866 56.281376
40.88882 66.089874
43.316486 70.276955
48.577312 71.42748
54.199013 74.39689
58.96889 77.07332
50.24929 72.08362
44.173645 70.56077
40.921246 66.08682
39.170307 56.601814
40.448227 51.563286
37.045147 47.84924
31.1301 40.81483
28.369795 37.21065
24.03975 35.510796
21.803581 31.299305
19.832916 26.99321
18.156364 17.64248
11
27.00681 43.900208
28.334318 49.002823
27.43596 43.814754
23.718554 39.414055
22.479544 34.473183
24.899578 30.829329
26.353354 26.056305
24.828625 30.716412
22.396002 34.528114
23.984436 40.16785
26.73635 43.427177
12
27.041142 43.833065
31.050755 40.7599
34.779987 33.84756
37.164165 29.340048
40.69694 22.735943
48.990444 20.038147
56.981823 14.221409
50.864597 18.075838
42.58063 21.927214
38.993305 25.848783
31.17397 40.512703
28.607069 45.22774
15
46.296135 52.372013
41.058575 54.303806
33.48109 47.52575
30.28591 43.79034
26.203438 40.643932
27.239887 35.02861
23.94133 29.12337
21.726145 25.037003
18.392492 17.611963
21.445383 21.640345
27.16016 35.053024
26.107689 40.67445
29.879265 44.26032
38.17048 52.07599
44.098877 52.945755
16
9.641229 17.06264
4.742032 15.472649
8.904232 12.402533
13.692803 9.399557
20.13733 5.3559165
25.677393 4.2511635
27.193348 11.85626
29.423792 16.458382
27.754486 21.728848
29.427607 16.74525
27.21471 11.834897
27.363863 5.9052415
20.918194 5.0476847
14.496557 8.834973
4.314406 15.240711
7.4729633 18.878462
14
20.463865 28.406195
21.899712 23.028915
23.853973 18.912031
27.69269 13.488976
34.76816 7.1534295
39.337772 14.642557
42.59818 18.429846
39.65439 15.32311
35.07906 7.232776
27.435198 9.137102
24.585249 12.762646
23.798279 18.918135
21.845924 23.01976
21.204678 28.732738
16
20.550077 29.016556
22.319326 34.08255
16.664442 35.55352
17.517786 41.70596
20.48065 44.776073
20.744246 54.30991
15.208758 56.681164
20.639341 57.7615
15.262164 56.617073
20.799175 54.36484
20.714872 45.722134
19.303438 40.634777
14.527075 38.236057
18.012932 35.599297
22.3384 33.86282
20.658796 29.291218
19
27.022068 43.894104
28.317915 49.027237
36.166626 47.03746
41.166912 45.98459
45.40846 43.945984
50.016594 42.185093
51.661102 36.98787
54.176506 32.990005
55.72374 26.849775
58.434456 22.903791
55.68521 26.846724
54.13302 32.983902
51.62143 36.98787
50.25692 41.66934
45.958534 43.778133
41.139065 45.95102
35.15154 44.757763
30.30956 47.62646
27.271929 43.695736
15
27.067844 43.836117
28.268705 49.805447
32.61668 47.87671
36.3154 50.263218
40.46234 52.54902
47.586258 53.354694
54.38784 53.562218
58.97614 55.280384
53.78321 53.54696
47.162067 53.11055
42.31742 54.373997
38.218544 51.966125
34.614048 48.624397
30.242424 50.41581
28.053558 45.6611
13
27.064411 43.872738
28.27252 50.458534
23.108585 54.560158
21.018902 58.677044
15.088596 60.144962
8.555571 62.51011
2.6813405 62.937363
8.562819 62.53147
13.43989 60.42878
19.351122 59.540703
22.810276 55.2224
25.03004 51.35271
28.457151 47.702755
6
13.511225 30.698101
1.0658224 21.506065
1.2771558 11.313039
0.2441397 20.743114
7.712907 30.319677
13.354823 30.704205
18
20.500105 28.503853
26.153847 26.58732
29.312784 23.03807
33.84043 24.866102
39.213413 25.497826
42.576817 22.000458
48.91453 20.083925
51.420017 15.597773
54.077324 10.373083
58.027046 5.5451283
54.524403 9.536889
51.714508 14.352636
49.234966 19.812313
43.18755 21.78683
39.187473 25.442894
32.87074 25.162127
27.852142 23.083849
25.096798 28.479439
18
46.205345 52.335392
41.379772 49.34157
43.87648 45.127033
48.392303 43.616386
51.52034 37.2961
54.18795 32.971695
55.70314 26.880293
58.51685 22.803082
58.954395 16.391241
58.486717 22.775616
55.675293 26.85893
54.14942 32.959488
51.481434 37.2961
50.00477 42.157627
45.39358 43.92157
42.13813 47.05272
41.115795 52.576485
46.899616 53.284504
16
13.489481 30.685892
18.63053 32.196537
20.407026 27.826353
18.566824 18.997482
15.563906 14.209201
21.339334 13.241779
21.954262 7.54406
25.971123 4.1870756
30.090218 2.2980087
22.50434 4.757763
21.144024 9.597925
17.818382 13.217364
18.42034 18.902876
19.730303 24.292362
20.256346 29.782558
13.3120985 30.44175
14
27.04877 43.878845
27.030079 37.891205
24.979305 30.954453
29.921227 27.19463
34.38555 24.66163
40.53329 22.711529
49.151043 19.958801
56.982204 14.200046
50.92792 18.020905
40.99258 22.455177
34.35923 24.60975
27.639284 28.714428
27.175037 35.059128
26.197334 40.52796
18
27.110188 43.778133
31.358217 45.554283
33.730186 41.782253
36.13954 37.402916
39.40987 33.01747
41.02882 23.9353
48.22789 20.288395
47.609528 14.538796
46.343437 9.237812
46.07717 2.4139771
46.52463 8.096437
47.180378 13.772793
48.15045 20.26093
43.046024 21.838713
40.28 32.318607
36.104446 37.396812
33.70539 41.773098
29.443628 43.75677
15
27.17313 79.08751
30.127602 75.13847
35.447178 76.04486
41.52778 79.343864
46.68218 77.71114
50.85239 75.492485
56.156326 74.36332
59.589157 71.60754
56.122757 74.34501
50.843616 75.474174
46.654713 77.677574
42.627552 79.6704
35.401783 78.519875
32.01892 75.455864
27.792633 78.1384
24
35.373936 16.449226
36.618664 23.044174
37.847755 28.055237
30.66509 41.45571
34.163155 45.087357
33.742012 51.19707
36.09224 55.182728
41.10435 67.36248
44.16487 70.68894
49.908638 72.059204
57.32133 76.353096
51.62181 72.87709
46.280876 70.90257
42.104942 69.00435
40.66566 64.182495
39.22562 56.699474
35.759598 53.61715
34.09487 49.228657
33.070248 42.74052
33.851112 35.660336
36.277252 31.10399
38.546604 26.803997
37.232067 19.525444
35.819107 14.679179
21
13.268992 47.806515
15.368594 53.13802
18.736578 56.76356
23.147495 54.5449
26.08709 50.876633
29.734308 48.41993
36.48935 43.11284
41.053997 46.665142
46.851933 47.141224
49.58248 50.84306
54.176888 49.173725
49.560356 50.788128
46.871387 47.1046
41.11427 45.963226
35.740524 43.97345
30.326345 47.629513
24.373915 48.197147
23.1124 54.52659
19.325182 56.78187
15.410173 53.13802
14.084572 47.992676
21
59.00017 39.42016
59.897385 34.01236
57.7398 24.03601
49.23077 19.797054
42.519596 18.970016
38.349007 15.997559
32.85281 19.540703
27.479067 20.706493
22.129738 22.980087
19.29619 18.686197
16.467985 15.295644
19.507906 19.119555
23.08379 22.238499
28.16571 20.794994
33.847298 16.69032
39.77913 15.872435
41.351925 21.200886
46.074883 17.865263
56.286407 23.236439
59.69139 28.403143
58.39669 36.32868
15
27.070515 43.878845
25.323008 49.53994
23.095997 54.57847
20.722883 49.988556
17.972115 53.437096
12.718152 55.973145
11.520342 46.34775
11.326938 39.023422
11.282306 46.268406
11.432604 54.047455
18.01789 53.488976
20.68817 50.02823
21.277918 55.841915
24.997616 51.37713
28.481184 47.620354
14
27.083866 43.79034
28.338133 49.021133
32.9436 46.491188
36.502697 43.10063
41.052853 46.649883
47.046864 46.13413
50.998493 43.219654
54.2116 33.887238
52.32982 38.99901
48.974804 45.340656
41.124187 45.93271
35.73137 43.979553
32.107803 47.330433
27.273836 43.68658
17
14.358848 50.543983
19.73984 48.993668
25.37794 49.530785
28.464018 46.61631
26.281637 40.772106
23.006733 37.7142
27.229588 35.309376
28.480803 29.092852
26.902287 24.40528
28.443419 29.105059
30.523184 33.389793
27.116291 36.58503
24.475386 41.37026
29.441721 43.77203
26.367468 48.267338
19.72687 48.94789
14.367621 50.48295
16
27.029316 43.86053
21.453394 42.603188
19.720003 38.02243
19.18404 30.942245
15.782487 25.06447
10.6853075 16.17151
15.454805 14.160373
11.33266 10.809491
10.563238 16.098269
13.57226 21.606775
16.413816 26.309605
19.134068 30.975815
19.957657 36.2829
20.609587 41.67544
24.134354 46.149387
27.657213 48.786144
7
46.337334 52.46357
47.20441 47.260242
50.989338 43.24407
54.85323 40.35706
50.957294 43.22881
46.990788 46.0914
45.218105 51.828793
19
16.108261 15.768673
18.320013 10.830853
24.103836 10.189975
30.4961 8.5084305
30.168037 14.196994
35.945755 17.297626
41.030727 19.089037
43.350056 15.265125
47.557266 19.36675
56.945583 14.196994
50.951572 18.033112
43.31496 15.133898
42.110283 20.428778
38.29522 17.450218
32.363388 16.05249
30.720022 8.169681
24.166779 10.006866
19.168781 12.713817
15.951477 15.558099
15
46.330467 52.46662
40.521847 52.6833
39.20464 57.428856
33.999504 59.73907
36.273056 65.65652
34.5492 70.469215
31.208683 73.64614
27.992905 77.95529
30.665472 74.31754
34.137215 70.87816
36.543896 66.58427
34.067406 59.80926
39.243168 60.688183
40.11902 54.72801
44.698544 52.98848
14
21.19209 48.67323
28.068054 47.025253
33.168667 50.24796
35.66919 53.842983
41.825325 52.616158
45.90284 55.231556
49.470715 61.014725
52.16693 64.69215
49.5142 61.002518
46.744358 56.03723
39.962997 55.130848
37.294247 51.709774
31.411242 49.173725
25.369165 49.448387
16
46.261803 52.36591
41.165768 54.306858
37.070705 47.861446
31.836197 48.661022
28.525434 45.474937
25.000668 42.618446
22.975452 37.561607
23.113544 31.27184
17.615442 30.267796
23.085316 31.314566
24.269392 37.24117
24.971294 42.645916
28.106201 47.01915
33.869804 47.92859
39.599457 50.33341
43.253925 52.689404
16
21.237484 48.79835
25.753304 47.0222
24.004272 42.11795
19.791718 38.91661
18.03086 33.054092
16.912395 27.612726
14.492361 23.599604
10.697515 20.675974
5.583551 19.125658
9.297526 21.554893
14.5877285 23.810177
17.754677 29.065386
18.45162 35.593193
20.175095 40.13123
25.306223 42.835125
24.396803 48.160526
7
20.48866 28.925001
15.3964405 30.487526
7.946747 30.267796
0.009155239 29.712368
5.6922693 30.402075
16.145645 30.63096
20.392149 32.54444
11
43.64531 21.380941
43.36417 15.2620735
46.32856 9.246967
46.09472 2.4261844
52.24742 6.3111315
56.9288 8.102541
52.269928 6.283665
47.74991 2.5207903
46.37548 7.7302203
44.62225 12.021057
42.49595 18.963913
100
31 23
22 60
4 49
6 67
50 36
41 15
50 38
43 16
35 58
1 55
23 19
6 5
14 12
47 79
4 58
5 17
22 76
10 35
19 67
41 75
52 50
9 35
50 25
4 2
59 60
46 25
47 51
24 53
13 29
57 4
49 14
55 16
5 49
29 72
54 2
28 68
24 58
37 48
57 75
1 45
33 46
46 30
34 6
27 74
8 12
12 1
55 40
25 35
38 55
48 17
1 25
45 32
57 11
59 12
45 34
12 74
46 70
43 34
31 54
44 75
11 19
42 72
45 39
38 68
59 55
8 15
18 33
42 79
11 21
8 62
29 56
44 11
19 19
13 52
48 12
0 33
4 67
26 27
28 29
21 22
9 39
9 40
20 22
48 13
2 36
16 75
48 55
29 34
9 11
13 61
10 49
51 30
46 57
57 37
55 35
36 12
55 9
50 64
36 50
52 71
