10 12 1.00
60
9
7.27 7.11
7.24 6.00
7.06 5.66
6.93 4.76
6.46 4.82
6.47 4.13
5.28 4.08
3.90 1.47
1.90 0.34
6
8.70 5.33
8.62 5.12
6.01 5.66
5.30 4.08
3.91 1.45
1.40 0.06
9
6.47 0.92
6.48 3.95
6.95 3.97
7.03 4.72
8.70 4.49
8.71 5.32
8.85 5.53
8.43 6.65
9.30 7.62
7
9.88 1.35
8.93 1.57
8.93 2.93
8.68 4.49
8.68 5.30
8.45 6.70
7.28 7.82
7
6.13 0.60
5.11 0.67
3.58 1.27
3.11 1.02
1.35 2.62
1.15 6.09
0.70 6.35
2
6.47 4.83
6.47 0.05
8
4.91 5.90
2.38 5.73
2.60 6.25
2.18 6.77
2.21 7.29
1.15 7.29
1.13 11.53
1.93 11.53
11
7.28 7.83
7.75 7.39
7.27 7.10
7.78 6.20
7.97 5.47
7.68 3.05
7.88 2.87
7.67 1.47
6.47 1.45
6.47 0.19
7.17 0.20
12
7.93 6.22
8.30 5.17
8.07 3.90
6.48 3.89
6.47 4.13
5.28 4.12
4.43 2.49
3.17 3.35
3.30 3.59
2.67 4.03
3.21 5.20
2.40 5.73
3
7.27 7.82
8.45 6.70
9.93 8.10
7
6.87 3.89
7.43 3.89
7.55 4.62
8.68 4.49
8.71 5.32
8.48 6.75
9.27 7.69
9
4.91 5.90
5.15 5.55
4.21 4.59
3.57 3.42
5.01 2.47
4.95 1.45
5.91 1.10
6.47 1.09
6.48 0.07
8
4.91 5.90
5.13 5.53
4.17 4.59
3.00 2.43
2.67 2.00
1.91 2.72
1.43 2.03
1.17 4.93
7
7.93 6.20
7.28 7.10
3.27 7.85
3.01 7.29
1.15 7.27
1.13 9.97
0.97 10.20
6
7.30 7.83
8.43 6.67
9.58 7.80
5.31 11.15
4.17 11.19
4.18 11.92
8
6.48 0.90
6.47 1.45
3.88 1.45
2.30 3.25
1.85 4.60
2.41 5.75
1.13 6.07
1.17 4.93
7
7.27 7.82
8.43 6.69
9.57 7.79
5.30 11.19
4.17 11.17
4.17 11.53
1.95 11.52
8
4.90 5.90
3.51 5.82
2.31 3.29
3.00 2.43
3.43 3.17
4.43 2.49
4.58 2.73
5.01 2.45
6
9.45 4.80
9.88 4.23
9.81 2.70
8.61 1.53
3.87 1.45
1.90 0.37
5
4.91 5.89
3.51 5.82
2.40 5.73
1.13 6.05
0.08 6.02
8
6.47 0.92
6.47 2.77
6.15 2.62
5.61 2.77
5.01 2.45
4.57 2.72
3.88 1.45
1.91 0.35
13
9.28 7.65
8.43 6.72
7.63 7.39
7.21 7.13
6.65 7.22
6.37 6.09
5.58 6.22
5.07 5.69
4.20 4.59
3.00 2.43
2.11 1.39
2.73 0.79
2.21 0.13
14
8.22 3.44
7.99 3.42
7.40 3.26
7.42 2.31
6.46 2.27
5.65 2.24
5.39 2.66
5.01 2.45
4.64 2.89
4.29 3.31
4.64 4.39
4.21 4.60
5.15 5.55
6.02 5.36
8
9.81 4.29
9.78 2.72
8.58 1.53
7.67 1.45
3.87 1.43
2.35 3.29
1.85 4.62
2.40 5.73
7
1.13 9.19
1.13 7.27
3.00 7.29
2.37 5.75
5.30 5.92
6.48 5.70
6.45 0.90
13
8.91 1.09
8.93 2.53
7.43 2.32
7.41 2.83
6.47 2.79
6.13 2.60
5.61 2.79
5.00 2.49
2.67 4.03
3.23 5.20
2.40 5.75
0.95 6.07
1.05 3.67
9
1.90 0.37
3.88 1.45
2.31 3.30
3.53 5.83
3.97 6.53
2.71 6.55
3.01 7.27
1.13 7.25
1.13 9.20
18
6.47 0.92
6.48 2.79
6.13 2.60
5.60 2.79
5.01 2.47
4.55 2.75
5.30 4.09
4.20 4.59
3.87 5.82
2.40 5.73
2.00 5.83
1.93 6.33
2.15 7.27
1.70 7.25
1.70 7.69
1.13 8.22
1.13 9.95
0.68 10.13
10
6.48 0.89
6.47 1.12
5.91 1.09
4.95 1.47
3.88 1.45
3.10 1.00
1.35 2.63
1.13 6.07
0.45 6.05
0.43 6.43
14
1.15 7.27
3.03 7.30
2.41 5.75
3.51 5.80
3.21 5.22
4.21 4.60
5.28 4.10
6.98 4.15
6.97 3.89
8.31 3.90
8.30 3.45
8.85 3.47
8.95 2.92
8.90 1.07
9
7.35 2.27
7.41 2.87
7.91 2.90
8.35 5.35
8.13 6.27
8.40 6.72
4.21 10.73
0.68 10.70
0.65 9.29
6
6.45 0.89
6.48 5.72
5.27 5.90
2.40 5.73
1.13 6.05
0.45 6.07
13
1.17 4.93
1.43 2.02
2.33 3.27
2.67 4.03
3.57 3.42
4.21 4.59
5.48 5.90
6.23 5.73
6.63 7.29
6.13 7.43
6.67 8.42
4.37 10.60
4.10 10.40
9
1.17 4.93
1.15 6.09
2.40 5.73
5.33 5.92
6.81 5.43
8.50 5.12
8.90 5.45
8.41 6.73
9.30 7.65
19
9.47 4.82
9.61 4.53
9.03 4.43
7.90 4.59
7.88 2.90
6.48 2.80
6.17 2.59
5.60 2.77
5.00 2.47
2.68 4.03
2.81 4.32
1.93 4.43
2.40 5.75
2.00 5.85
1.95 6.35
1.70 6.37
1.71 7.27
1.15 7.27
1.13 9.19
14
6.17 0.59
6.48 0.82
6.47 1.47
8.61 1.52
8.91 1.85
8.93 2.97
8.85 3.32
9.08 3.45
9.03 4.40
8.73 5.32
8.31 5.39
8.11 6.30
8.41 6.73
7.28 7.80
5
6.50 0.90
5.80 0.70
5.07 0.70
4.35 0.29
1.87 0.33
16
8.95 1.05
8.91 1.85
8.60 1.53
7.67 1.47
8.07 3.87
7.43 3.89
7.65 5.29
6.07 5.49
4.93 5.62
4.83 5.90
2.41 5.70
2.60 6.23
2.21 6.79
2.18 7.27
1.13 7.27
1.15 9.22
9
1.11 7.25
1.70 7.25
1.71 5.92
1.15 6.07
1.13 4.47
1.41 2.03
2.68 0.80
1.67 0.23
6.48 0.29
10
6.85 3.89
7.43 3.89
7.55 4.63
6.93 4.73
7.05 5.40
8.71 5.02
8.88 5.47
8.40 6.67
9.45 7.79
9.87 7.42
7
6.47 0.32
6.47 4.13
5.28 4.09
6.15 6.05
6.53 5.99
7.27 7.83
5.40 9.62
8
8.93 1.07
8.93 2.90
8.85 3.32
9.07 3.42
9.05 4.42
9.60 4.52
8.41 6.63
9.47 7.80
7
6.90 3.89
7.01 4.69
9.03 4.42
9.63 4.52
8.47 6.65
9.57 7.80
5.08 11.32
14
9.45 4.80
9.61 4.52
9.00 4.42
8.88 3.33
8.93 2.95
6.47 2.77
6.13 2.60
5.61 2.77
5.01 2.47
4.55 2.73
3.88 1.49
3.07 1.05
1.35 2.62
1.15 4.95
12
9.43 4.83
9.58 4.52
9.10 4.42
8.81 5.09
6.83 5.43
6.37 6.19
6.63 7.20
3.21 7.87
3.03 7.29
1.17 7.27
1.11 9.99
0.68 10.15
4
1.17 4.92
1.15 11.17
5.27 11.17
6.30 10.37
4
7.28 7.80
8.41 6.63
8.95 7.17
9.63 6.67
5
9.45 4.82
9.95 4.09
9.95 0.89
9.73 0.69
6.48 0.67
13
9.43 4.73
9.57 4.49
9.05 4.47
8.87 4.82
6.98 5.11
6.89 4.73
6.71 4.77
6.59 4.13
5.29 4.07
2.43 5.71
1.18 6.07
0.94 6.10
0.94 5.27
10
1.07 3.65
1.41 2.02
2.35 3.27
3.50 5.82
5.25 5.87
6.21 5.69
6.63 7.19
6.00 7.32
6.67 8.42
7.27 7.82
14
9.43 4.80
9.85 4.25
9.83 2.80
8.20 2.42
8.18 2.90
6.45 2.75
6.17 2.60
5.61 2.77
5.01 2.50
4.60 2.73
3.43 3.12
2.61 2.02
1.95 2.69
2.08 3.30
9
6.85 3.90
7.41 3.89
7.55 4.62
8.41 4.52
8.31 3.43
8.83 3.47
8.91 2.92
8.93 0.65
6.47 0.63
3
1.15 7.20
1.15 11.32
5.08 11.35
3
7.27 7.79
8.45 6.69
9.90 8.07
5
9.83 4.29
8.45 6.62
4.18 10.73
3.23 7.87
2.38 5.72
3
1.15 7.23
1.13 11.52
5.08 11.59
7
1.87 0.35
1.65 0.23
0.70 1.75
0.43 4.40
0.41 6.03
0.83 6.07
0.90 5.29
5
7.30 7.80
4.20 10.72
3.53 9.05
1.13 9.99
1.15 11.30
3
5.10 11.32
9.53 7.83
9.61 7.30
10
2.20 6.79
2.58 6.23
1.85 4.62
2.31 3.29
3.01 2.45
2.13 1.42
2.77 0.82
3.51 1.22
5.11 0.67
6.48 0.67
10
1 8
2 0
0 11
4 11
2 6
7 9
5 11
1 9
0 9
5 8