25 30 3.00
60
9
18.16 17.76
18.11 15.00
17.66 14.14
17.33 11.91
16.16 12.05
16.17 10.34
13.20 10.19
9.74 3.66
4.74 0.86
6
21.76 13.32
21.56 12.81
15.01 14.14
13.26 10.19
9.79 3.61
3.51 0.14
9
16.16 2.29
16.21 9.88
17.37 9.92
17.58 11.79
21.75 11.21
21.79 13.29
22.12 13.84
21.08 16.63
23.25 19.04
7
24.71 3.38
22.33 3.92
22.33 7.34
21.71 11.21
21.71 13.25
21.12 16.75
18.21 19.54
7
15.33 1.50
12.79 1.67
8.96 3.17
7.79 2.54
3.37 6.54
2.87 15.21
1.75 15.88
2
16.16 12.09
16.16 0.13
8
12.29 14.75
5.96 14.34
6.50 15.63
5.46 16.92
5.54 18.21
2.87 18.21
2.83 28.84
4.83 28.84
11
18.21 19.59
19.37 18.46
18.16 17.75
19.46 15.50
19.91 13.67
19.21 7.63
19.71 7.17
19.16 3.67
16.16 3.63
16.16 0.46
17.91 0.50
12
19.83 15.54
20.75 12.92
20.16 9.75
16.21 9.71
16.16 10.34
13.21 10.29
11.08 6.21
7.91 8.38
8.25 8.96
6.66 10.09
8.04 13.00
6.00 14.34
3
18.16 19.54
21.12 16.75
24.83 20.25
7
17.16 9.71
18.58 9.71
18.87 11.54
21.71 11.21
21.79 13.29
21.21 16.88
23.16 19.21
9
12.29 14.75
12.87 13.88
10.54 11.46
8.91 8.54
12.54 6.17
12.37 3.63
14.79 2.75
16.16 2.71
16.21 0.17
8
12.29 14.75
12.83 13.84
10.41 11.46
7.50 6.09
6.66 5.00
4.79 6.79
3.58 5.09
2.91 12.34
7
19.83 15.50
18.21 17.75
8.16 19.63
7.54 18.21
2.87 18.17
2.83 24.92
2.41 25.50
6
18.25 19.59
21.08 16.67
23.96 19.50
13.29 27.88
10.41 27.96
10.46 29.79
8
16.21 2.25
16.16 3.63
9.71 3.63
5.75 8.13
4.62 11.50
6.04 14.38
2.83 15.17
2.91 12.34
7
18.16 19.54
21.08 16.71
23.91 19.46
13.25 27.96
10.41 27.92
10.41 28.84
4.87 28.79
8
12.25 14.75
8.79 14.54
5.79 8.21
7.50 6.09
8.58 7.92
11.08 6.21
11.46 6.84
12.54 6.13
6
23.62 12.00
24.71 10.59
24.54 6.75
21.54 3.84
9.66 3.63
4.75 0.92
5
12.29 14.71
8.79 14.54
6.00 14.34
2.83 15.13
0.21 15.04
8
16.16 2.29
16.16 6.92
15.37 6.54
14.04 6.92
12.54 6.13
11.41 6.79
9.71 3.63
4.79 0.88
13
23.21 19.13
21.08 16.79
19.08 18.46
18.04 17.84
16.62 18.04
15.91 15.21
13.96 15.54
12.66 14.21
10.50 11.46
7.50 6.09
5.29 3.46
6.83 1.96
5.54 0.34
14
20.55 8.59
19.99 8.55
18.51 8.15
18.54 5.77
16.16 5.69
14.14 5.61
13.48 6.66
12.54 6.14
11.61 7.22
10.72 8.27
11.61 10.97
10.51 11.49
12.86 13.87
15.06 13.39
8
24.54 10.71
24.46 6.79
21.46 3.84
19.16 3.63
9.66 3.59
5.87 8.21
4.62 11.54
6.00 14.34
7
2.83 22.96
2.83 18.17
7.50 18.21
5.91 14.38
13.25 14.79
16.21 14.25
16.12 2.25
13
22.29 2.71
22.33 6.34
18.58 5.79
18.54 7.09
16.16 6.96
15.33 6.50
14.04 6.96
12.50 6.21
6.66 10.09
8.08 13.00
6.00 14.38
2.37 15.17
2.62 9.17
9
4.75 0.92
9.71 3.63
5.79 8.25
8.83 14.59
9.91 16.34
6.79 16.38
7.54 18.17
2.83 18.13
2.83 23.00
18
16.16 2.29
16.21 6.96
15.33 6.50
14.00 6.96
12.54 6.17
11.37 6.88
13.25 10.21
10.50 11.46
9.66 14.54
6.00 14.34
5.00 14.59
4.83 15.84
5.37 18.17
4.25 18.13
4.25 19.21
2.83 20.54
2.83 24.88
1.71 25.34
10
16.21 2.21
16.16 2.79
14.79 2.71
12.37 3.67
9.71 3.63
7.75 2.50
3.37 6.59
2.83 15.17
1.12 15.13
1.08 16.09
14
2.87 18.17
7.58 18.25
6.04 14.38
8.79 14.50
8.04 13.04
10.54 11.50
13.21 10.25
17.46 10.38
17.41 9.71
20.79 9.75
20.75 8.63
22.12 8.67
22.37 7.29
22.25 2.67
9
18.37 5.67
18.54 7.17
19.79 7.25
20.87 13.38
20.33 15.67
21.00 16.79
10.54 26.84
1.71 26.75
1.62 23.21
6
16.12 2.21
16.21 14.29
13.16 14.75
6.00 14.34
2.83 15.13
1.12 15.17
13
2.91 12.34
3.58 5.04
5.83 8.17
6.66 10.09
8.91 8.54
10.54 11.46
13.71 14.75
15.58 14.34
16.58 18.21
15.33 18.59
16.66 21.04
10.91 26.50
10.25 26.00
9
2.91 12.34
2.87 15.21
6.00 14.34
13.33 14.79
17.04 13.59
21.25 12.79
22.25 13.63
21.04 16.84
23.25 19.13
19
23.66 12.04
24.04 11.34
22.58 11.09
19.75 11.46
19.71 7.25
16.21 7.00
15.41 6.46
14.00 6.92
12.50 6.17
6.71 10.09
7.04 10.79
4.83 11.09
6.00 14.38
5.00 14.63
4.87 15.88
4.25 15.92
4.29 18.17
2.87 18.17
2.83 22.96
14
15.41 1.46
16.21 2.04
16.16 3.67
21.54 3.79
22.29 4.63
22.33 7.42
22.12 8.29
22.71 8.63
22.58 11.00
21.83 13.29
20.79 13.46
20.29 15.75
21.04 16.84
18.21 19.50
5
16.25 2.25
14.50 1.75
12.66 1.75
10.87 0.71
4.66 0.84
16
22.37 2.63
22.29 4.63
21.50 3.84
19.16 3.67
20.16 9.67
18.58 9.71
19.12 13.21
15.16 13.71
12.33 14.04
12.08 14.75
6.04 14.25
6.50 15.59
5.54 16.96
5.46 18.17
2.83 18.17
2.87 23.04
9
2.79 18.13
4.25 18.13
4.29 14.79
2.87 15.17
2.83 11.17
3.54 5.09
6.71 2.00
4.16 0.59
16.21 0.71
10
17.12 9.71
18.58 9.71
18.87 11.59
17.33 11.84
17.62 13.50
21.79 12.54
22.21 13.67
21.00 16.67
23.62 19.46
24.66 18.54
7
16.16 0.79
16.16 10.34
13.21 10.21
15.37 15.13
16.33 14.96
18.16 19.59
13.50 24.04
8
22.33 2.67
22.33 7.25
22.12 8.29
22.66 8.54
22.62 11.04
24.00 11.29
21.04 16.59
23.66 19.50
7
17.25 9.71
17.54 11.71
22.58 11.04
24.08 11.29
21.16 16.63
23.91 19.50
12.71 28.29
14
23.62 12.00
24.04 11.29
22.50 11.04
22.21 8.34
22.33 7.38
16.16 6.92
15.33 6.50
14.04 6.92
12.54 6.17
11.37 6.84
9.71 3.71
7.66 2.63
3.37 6.54
2.87 12.38
12
23.58 12.09
23.96 11.29
22.75 11.04
22.04 12.71
17.08 13.59
15.91 15.46
16.58 18.00
8.04 19.67
7.58 18.21
2.91 18.17
2.79 24.96
1.71 25.38
4
2.91 12.29
2.87 27.92
13.16 27.92
15.75 25.92
4
18.21 19.50
21.04 16.59
22.37 17.92
24.08 16.67
5
23.62 12.04
24.87 10.21
24.87 2.21
24.33 1.71
16.21 1.67
13
23.58 11.84
23.91 11.21
22.62 11.17
22.16 12.04
17.44 12.79
17.21 11.82
16.77 11.94
16.46 10.33
13.23 10.16
6.06 14.28
2.94 15.16
2.34 15.24
2.34 13.19
10
2.66 9.13
3.54 5.04
5.87 8.17
8.75 14.54
13.12 14.67
15.54 14.21
16.58 17.96
15.00 18.29
16.66 21.04
18.16 19.54
14
23.58 12.00
24.62 10.63
24.58 7.00
20.50 6.04
20.46 7.25
16.12 6.88
15.41 6.50
14.04 6.92
12.54 6.25
11.50 6.84
8.58 7.79
6.54 5.04
4.87 6.71
5.21 8.25
9
17.12 9.75
18.54 9.71
18.87 11.54
21.04 11.29
20.79 8.59
22.08 8.67
22.29 7.29
22.33 1.63
16.16 1.59
3
2.87 18.00
2.87 28.29
12.71 28.38
3
18.16 19.46
21.12 16.71
24.75 20.17
5
24.58 10.71
21.12 16.54
10.46 26.84
8.08 19.67
5.96 14.29
3
2.87 18.09
2.83 28.79
12.71 28.96
7
4.66 0.88
4.12 0.59
1.75 4.38
1.08 11.00
1.04 15.09
2.08 15.17
2.25 13.21
5
18.25 19.50
10.50 26.79
8.83 22.63
2.83 24.96
2.87 28.25
3
12.75 28.29
23.83 19.59
24.04 18.25
10
5.50 16.96
6.46 15.59
4.62 11.54
5.79 8.21
7.54 6.13
5.33 3.54
6.91 2.04
8.79 3.04
12.79 1.67
16.21 1.67
50
7 1
6 28
22 21
12 4
15 2
1 27
24 4
5 26
11 2
15 29
0 22
1 26
24 9
12 28
10 21
20 26
21 19
4 29
21 2
21 29
1 4
0 26
13 22
23 21
9 25
1 3
7 28
14 16
23 2
4 18
14 2
22 24
5 16
5 19
9 27
19 25
2 23
11 27
14 1
6 25
23 22
16 1
8 19
19 24
15 27
24 0
1 19
22 11
22 3
15 1