25 30 2.00
60
9
18.16 17.76
18.11 15.00
17.66 14.14
17.33 11.91
16.16 12.05
16.17 10.34
13.20 10.19
9.74 3.66
4.74 0.86
6
21.76 13.32
21.56 12.81
15.01 14.14
13.26 10.19
9.79 3.61
3.51 0.14
9
16.16 2.29
16.21 9.88
17.37 9.92
17.58 11.79
21.75 11.21
21.79 13.29
22.12 13.84
21.08 16.63
23.25 19.04
7
24.71 3.38
22.33 3.92
22.33 7.34
21.71 11.21
21.71 13.25
21.12 16.75
18.21 19.54
7
15.33 1.50
12.79 1.67
8.96 3.17
7.79 2.54
3.37 6.54
2.87 15.21
1.75 15.88
2
16.16 12.09
16.16 0.13
8
12.29 14.75
5.96 14.34
6.50 15.63
5.46 16.92
5.54 18.21
2.87 18.21
2.83 28.84
4.83 28.84
11
18.21 19.59
19.37 18.46
18.16 17.75
19.46 15.50
19.91 13.67
19.21 7.63
19.71 7.17
19.16 3.67
16.16 3.63
16.16 0.46
17.91 0.50
12
19.83 15.54
20.75 12.92
20.16 9.75
16.21 9.71
16.16 10.34
13.21 10.29
11.08 6.21
7.91 8.38
8.25 8.96
6.66 10.09
8.04 13.00
6.00 14.34
3
18.16 19.54
21.12 16.75
24.83 20.25
7
17.16 9.71
18.58 9.71
18.87 11.54
21.71 11.21
21.79 13.29
21.21 16.88
23.16 19.21
9
12.29 14.75
12.87 13.88
10.54 11.46
8.91 8.54
12.54 6.17
12.37 3.63
14.79 2.75
16.16 2.71
16.21 0.17
8
12.29 14.75
12.83 13.84
10.41 11.46
7.50 6.09
6.66 5.00
4.79 6.79
3.58 5.09
2.91 12.34
7
19.83 15.50
18.21 17.75
8.16 19.63
7.54 18.21
2.87 18.17
2.83 24.92
2.41 25.50
6
18.25 19.59
21.08 16.67
23.96 19.50
13.29 27.88
10.41 27.96
10.46 29.79
8
16.21 2.25
16.16 3.63
9.71 3.63
5.75 8.13
4.62 11.50
6.04 14.38
2.83 15.17
2.91 12.34
7
18.16 19.54
21.08 16.71
23.91 19.46
13.25 27.96
10.41 27.92
10.41 28.84
4.87 28.79
8
12.25 14.75
8.79 14.54
5.79 8.21
7.50 6.09
8.58 7.92
11.08 6.21
11.46 6.84
12.54 6.13
6
23.62 12.00
24.71 10.59
24.54 6.75
21.54 3.84
9.66 3.63
4.75 0.92
5
12.29 14.71
8.79 14.54
6.00 14.34
2.83 15.13
0.21 15.04
8
16.16 2.29
16.16 6.92
15.37 6.54
14.04 6.92
12.54 6.13
11.41 6.79
9.71 3.63
4.79 0.88
13
23.21 19.13
21.08 16.79
19.08 18.46
18.04 17.84
16.62 18.04
15.91 15.21
13.96 15.54
12.66 14.21
10.50 11.46
7.50 6.09
5.29 3.46
6.83 1.96
5.54 0.34
14
20.55 8.59
19.99 8.55
18.51 8.15
18.54 5.77
16.16 5.69
14.14 5.61
13.48 6.66
12.54 6.14
11.61 7.22
10.72 8.27
11.61 10.97
10.51 11.49
12.86 13.87
15.06 13.39
8
24.54 10.71
24.46 6.79
21.46 3.84
19.16 3.63
9.66 3.59
5.87 8.21
4.62 11.54
6.00 14.34
7
2.83 22.96
2.83 18.17
7.50 18.21
5.91 14.38
13.25 14.79
16.21 14.25
16.12 2.25
13
22.29 2.71
22.33 6.34
18.58 5.79
18.54 7.09
16.16 6.96
15.33 6.50
14.04 6.96
12.50 6.21
6.66 10.09
8.08 13.00
6.00 14.38
2.37 15.17
2.62 9.17
9
4.75 0.92
9.71 3.63
5.79 8.25
8.83 14.59
9.91 16.34
6.79 16.38
7.54 18.17
2.83 18.13
2.83 23.00
18
16.16 2.29
16.21 6.96
15.33 6.50
14.00 6.96
12.54 6.17
11.37 6.88
13.25 10.21
10.50 11.46
9.66 14.54
6.00 14.34
5.00 14.59
4.83 15.84
5.37 18.17
4.25 18.13
4.25 19.21
2.83 20.54
2.83 24.88
1.71 25.34
10
16.21 2.21
16.16 2.79
14.79 2.71
12.37 3.67
9.71 3.63
7.75 2.50
3.37 6.59
2.83 15.17
1.12 15.13
1.08 16.09
14
2.87 18.17
7.58 18.25
6.04 14.38
8.79 14.50
8.04 13.04
10.54 11.50
13.21 10.25
17.46 10.38
17.41 9.71
20.79 9.75
20.75 8.63
22.12 8.67
22.37 7.29
22.25 2.67
9
18.37 5.67
18.54 7.17
19.79 7.25
20.87 13.38
20.33 15.67
21.00 16.79
10.54 26.84
1.71 26.75
1.62 23.21
6
16.12 2.21
16.21 14.29
13.16 14.75
6.00 14.34
2.83 15.13
1.12 15.17
13
2.91 12.34
3.58 5.04
5.83 8.17
6.66 10.09
8.91 8.54
10.54 11.46
13.71 14.75
15.58 14.34
16.58 18.21
15.33 18.59
16.66 21.04
10.91 26.50
10.25 26.00
9
2.91 12.34
2.87 15.21
6.00 14.34
13.33 14.79
17.04 13.59
21.25 12.79
22.25 13.63
21.04 16.84
23.25 19.13
19
23.66 12.04
24.04 11.34
22.58 11.09
19.75 11.46
19.71 7.25
16.21 7.00
15.41 6.46
14.00 6.92
12.50 6.17
6.71 10.09
7.04 10.79
4.83 11.09
6.00 14.38
5.00 14.63
4.87 15.88
4.25 15.92
4.29 18.17
2.87 18.17
2.83 22.96
14
15.41 1.46
16.21 2.04
16.16 3.67
21.54 3.79
22.29 4.63
22.33 7.42
22.12 8.29
22.71 8.63
22.58 11.00
21.83 13.29
20.79 13.46
20.29 15.75
21.04 16.84
18.21 19.50
5
16.25 2.25
14.50 1.75
12.66 1.75
10.87 0.71
4.66 0.84
16
22.37 2.63
22.29 4.63
21.50 3.84
19.16 3.67
20.16 9.67
18.58 9.71
19.12 13.21
15.16 13.71
12.33 14.04
12.08 14.75
6.04 14.25
6.50 15.59
5.54 16.96
5.46 18.17
2.83 18.17
2.87 23.04
9
2.79 18.13
4.25 18.13
4.29 14.79
2.87 15.17
2.83 11.17
3.54 5.09
6.71 2.00
4.16 0.59
16.21 0.71
10
17.12 9.71
18.58 9.71
18.87 11.59
17.33 11.84
17.62 13.50
21.79 12.54
22.21 13.67
21.00 16.67
23.62 19.46
24.66 18.54
7
16.16 0.79
16.16 10.34
13.21 10.21
15.37 15.13
16.33 14.96
18.16 19.59
13.50 24.04
8
22.33 2.67
22.33 7.25
22.12 8.29
22.66 8.54
22.62 11.04
24.00 11.29
21.04 16.59
23.66 19.50
7
17.25 9.71
17.54 11.71
22.58 11.04
24.08 11.29
21.16 16.63
23.91 19.50
12.71 28.29
14
23.62 12.00
24.04 11.29
22.50 11.04
22.21 8.34
22.33 7.38
16.16 6.92
15.33 6.50
14.04 6.92
12.54 6.17
11.37 6.84
9.71 3.71
7.66 2.63
3.37 6.54
2.87 12.38
12
23.58 12.09
23.96 11.29
22.75 11.04
22.04 12.71
17.08 13.59
15.91 15.46
16.58 18.00
8.04 19.67
7.58 18.21
2.91 18.17
2.79 24.96
1.71 25.38
4
2.91 12.29
2.87 27.92
13.16 27.92
15.75 25.92
4
18.21 19.50
21.04 16.59
22.37 17.92
24.08 16.67
5
23.62 12.04
24.87 10.21
24.87 2.21
24.33 1.71
16.21 1.67
13
23.58 11.84
23.91 11.21
22.62 11.17
22.16 12.04
17.44 12.79
17.21 11.82
16.77 11.94
16.46 10.33
13.23 10.16
6.06 14.28
2.94 15.16
2.34 15.24
2.34 13.19
10
2.66 9.13
3.54 5.04
5.87 8.17
8.75 14.54
13.12 14.67
15.54 14.21
16.58 17.96
15.00 18.29
16.66 21.04
18.16 19.54
14
23.58 12.00
24.62 10.63
24.58 7.00
20.50 6.04
20.46 7.25
16.12 6.88
15.41 6.50
14.04 6.92
12.54 6.25
11.50 6.84
8.58 7.79
6.54 5.04
4.87 6.71
5.21 8.25
9
17.12 9.75
18.54 9.71
18.87 11.54
21.04 11.29
20.79 8.59
22.08 8.67
22.29 7.29
22.33 1.63
16.16 1.59
3
2.87 18.00
2.87 28.29
12.71 28.38
3
18.16 19.46
21.12 16.71
24.75 20.17
5
24.58 10.71
21.12 16.54
10.46 26.84
8.08 19.67
5.96 14.29
3
2.87 18.09
2.83 28.79
12.71 28.96
7
4.66 0.88
4.12 0.59
1.75 4.38
1.08 11.00
1.04 15.09
2.08 15.17
2.25 13.21
5
18.25 19.50
10.50 26.79
8.83 22.63
2.83 24.96
2.87 28.25
3
12.75 28.29
23.83 19.59
24.04 18.25
10
5.50 16.96
6.46 15.59
4.62 11.54
5.79 8.21
7.54 6.13
5.33 3.54
6.91 2.04
8.79 3.04
12.79 1.67
16.21 1.67
400
4 29
6 10
9 12
7 10
12 0
15 24
21 26
4 2
9 24
2 27
10 5
24 10
14 23
8 13
1 5
5 23
12 17
24 17
3 23
15 7
23 18
19 27
1 10
9 28
0 5
11 1
2 5
24 12
24 2
7 15
3 20
19 3
11 13
19 22
4 27
0 17
21 7
12 13
9 15
24 19
18 13
12 15
23 6
18 27
13 22
0 18
24 11
22 17
7 19
20 0
1 21
20 7
1 19
23 9
24 1
2 13
4 28
14 21
23 21
1 13
0 19
16 16
12 19
10 0
9 27
19 28
17 14
23 1
13 23
0 1
22 29
17 26
19 19
11 19
10 13
19 0
22 7
0 4
9 23
1 25
8 6
21 27
10 15
7 20
8 17
4 1
13 2
15 1
20 29
16 3
4 18
24 29
7 23
14 26
16 10
1 14
12 11
11 3
24 4
11 10
24 0
0 27
19 18
16 25
23 4
11 5
9 9
20 27
5 24
1 6
6 13
23 29
2 20
24 27
17 10
18 26
1 8
1 2
17 22
13 7
9 26
16 27
6 22
10 3
24 24
22 18
1 15
6 6
9 2
13 15
13 9
11 14
7 21
0 3
15 28
5 17
5 4
24 5
14 9
11 6
5 5
18 5
20 5
14 11
1 22
19 16
0 29
6 26
0 14
24 23
0 0
15 9
12 23
0 10
13 19
17 0
5 6
1 4
5 22
17 6
12 3
5 19
20 25
9 19
17 3
15 15
13 24
4 19
4 4
24 20
17 25
10 25
1 1
10 6
16 8
2 9
2 23
6 1
13 14
0 15
6 29
22 0
23 22
24 21
16 28
22 16
16 6
3 3
14 18
21 9
11 29
0 28
21 16
24 26
5 28
23 23
3 27
21 24
18 29
21 0
21 4
14 27
12 18
7 24
2 24
12 20
6 21
5 21
13 3
21 2
11 21
11 28
2 19
2 0
8 10
11 25
8 19
18 4
10 11
2 15
16 20
19 6
19 24
21 28
13 10
20 28
14 19
24 18
4 14
17 12
22 11
13 13
1 9
6 23
22 21
12 5
12 28
21 15
2 18
22 2
7 13
9 11
0 21
11 20
15 26
22 10
24 8
19 12
0 22
7 18
15 13
6 5
2 4
9 6
3 26
17 1
11 4
11 17
8 12
3 25
11 26
18 0
24 7
10 4
15 16
20 4
2 1
17 13
2 3
5 29
15 6
9 29
17 2
21 21
3 21
21 17
12 10
13 6
0 24
19 29
19 25
17 28
23 2
0 9
17 4
8 21
23 28
8 24
10 27
3 28
13 0
1 17
16 21
7 3
22 19
9 21
22 26
13 21
24 22
15 25
12 6
3 29
24 3
12 1
1 26
1 3
4 21
7 4
19 17
14 10
1 24
3 6
23 11
14 14
8 28
15 20
9 22
11 7
5 2
19 26
9 14
12 14
20 14
17 24
15 27
15 4
14 3
15 0
1 23
23 8
22 27
9 25
6 11
4 5
13 18
15 23
13 1
3 18
10 22
7 28
6 18
3 7
8 23
12 29
20 18
12 12
23 0
14 20
6 28
2 29
15 3
5 18
12 2
24 9
14 28
24 25
0 26
8 29
17 27
22 22
16 26
18 12
1 20
21 23
12 7
6 24
9 13
22 15
10 2
11 2
14 15
5 0
10 21
5 27
18 28
10 26
10 28
19 23
8 20
23 12
8 27
18 25
17 29
0 6
4 23
4 15
17 5
9 7
22 25
12 25
0 20
11 11
18 6
5 25
1 27
17 11
11 18
22 23
2 21
20 26