30 36 2.00
60
9
21.80 21.32
21.73 18.00
21.19 16.97
20.79 14.29
19.39 14.46
19.41 12.40
15.84 12.23
11.69 4.40
5.69 1.03
6
26.11 15.99
25.87 15.37
18.02 16.97
15.91 12.23
11.74 4.34
4.21 0.17
9
19.40 2.75
19.45 11.85
20.85 11.91
21.09 14.15
26.10 13.46
26.14 15.95
26.55 16.60
25.29 19.95
27.90 22.85
7
29.65 4.05
26.79 4.71
26.79 8.80
26.05 13.46
26.05 15.90
25.35 20.10
21.85 23.45
7
18.39 1.80
15.34 2.01
10.75 3.81
9.34 3.05
4.05 7.85
3.45 18.26
2.10 19.05
2
19.40 14.50
19.40 0.15
8
14.74 17.70
7.15 17.20
7.80 18.75
6.55 20.31
6.64 21.86
3.45 21.86
3.39 34.60
5.79 34.60
11
21.85 23.50
23.25 22.16
21.80 21.30
23.35 18.60
23.90 16.41
23.05 9.15
23.65 8.61
23.00 4.41
19.40 4.35
19.40 0.56
21.50 0.60
12
23.79 18.65
24.90 15.51
24.20 11.70
19.45 11.66
19.40 12.40
15.85 12.35
13.29 7.46
9.50 10.05
9.90 10.76
8.00 12.10
9.64 15.60
7.20 17.20
3
21.80 23.45
25.35 20.10
29.79 24.30
7
20.60 11.66
22.29 11.66
22.65 13.85
26.05 13.46
26.14 15.95
25.45 20.25
27.80 23.06
9
14.74 17.70
15.45 16.65
12.64 13.76
10.70 10.25
15.04 7.41
14.85 4.35
17.74 3.30
19.40 3.26
19.45 0.21
8
14.74 17.70
15.39 16.60
12.50 13.76
9.00 7.30
8.00 6.00
5.74 8.15
4.29 6.10
3.50 14.80
7
23.79 18.60
21.85 21.30
9.80 23.55
9.04 21.86
3.45 21.81
3.39 29.91
2.90 30.60
6
21.90 23.50
25.29 20.01
28.75 23.40
15.94 33.45
12.50 33.56
12.55 35.75
8
19.45 2.70
19.40 4.35
11.65 4.35
6.90 9.75
5.55 13.80
7.24 17.25
3.39 18.21
3.50 14.80
7
21.80 23.45
25.29 20.06
28.70 23.36
15.90 33.56
12.50 33.51
12.50 34.60
5.85 34.55
8
14.70 17.70
10.54 17.45
6.94 9.86
9.00 7.30
10.29 9.51
13.29 7.46
13.75 8.20
15.04 7.35
6
28.35 14.40
29.65 12.70
29.44 8.10
25.84 4.60
11.60 4.35
5.70 1.11
5
14.74 17.66
10.54 17.45
7.20 17.20
3.39 18.15
0.25 18.05
8
19.40 2.75
19.40 8.31
18.45 7.85
16.84 8.31
15.04 7.35
13.70 8.15
11.65 4.35
5.74 1.05
13
27.85 22.95
25.29 20.15
22.89 22.16
21.64 21.40
19.95 21.65
19.10 18.26
16.75 18.65
15.20 17.06
12.60 13.76
9.00 7.30
6.34 4.16
8.19 2.36
6.64 0.40
14
24.66 10.31
23.98 10.26
22.21 9.78
22.25 6.93
19.39 6.82
16.96 6.73
16.17 7.99
15.04 7.36
13.93 8.67
12.87 9.93
13.93 13.17
12.62 13.79
15.44 16.65
18.07 16.07
8
29.44 12.86
29.35 8.15
25.75 4.60
23.00 4.35
11.60 4.30
7.05 9.86
5.55 13.85
7.20 17.20
7
3.39 27.56
3.39 21.81
9.00 21.86
7.10 17.25
15.90 17.75
19.45 17.10
19.35 2.70
13
26.74 3.26
26.79 7.60
22.29 6.95
22.24 8.50
19.40 8.36
18.39 7.80
16.84 8.36
15.00 7.46
8.00 12.10
9.69 15.60
7.20 17.25
2.85 18.21
3.15 11.01
9
5.70 1.11
11.65 4.35
6.94 9.90
10.59 17.50
11.90 19.60
8.14 19.65
9.04 21.81
3.39 21.75
3.39 27.60
18
19.40 2.75
19.45 8.36
18.39 7.80
16.80 8.36
15.04 7.41
13.65 8.25
15.90 12.26
12.60 13.76
11.60 17.45
7.20 17.20
6.00 17.50
5.79 19.00
6.45 21.81
5.10 21.75
5.10 23.06
3.39 24.65
3.39 29.85
2.05 30.40
10
19.45 2.66
19.40 3.35
17.74 3.26
14.85 4.41
11.65 4.35
9.30 3.00
4.05 7.90
3.39 18.21
1.35 18.15
1.29 19.30
14
3.45 21.81
9.09 21.90
7.24 17.25
10.54 17.40
9.64 15.65
12.64 13.80
15.85 12.30
20.95 12.45
20.90 11.66
24.94 11.70
24.90 10.35
26.55 10.41
26.85 8.75
26.70 3.21
9
22.05 6.81
22.24 8.61
23.74 8.70
25.05 16.05
24.39 18.81
25.20 20.15
12.64 32.20
2.05 32.10
1.95 27.86
6
19.35 2.66
19.45 17.15
15.80 17.70
7.20 17.20
3.39 18.15
1.35 18.21
13
3.50 14.80
4.29 6.05
6.99 9.81
8.00 12.10
10.70 10.25
12.64 13.76
16.45 17.70
18.69 17.20
19.89 21.86
18.39 22.30
20.00 25.25
13.10 31.80
12.30 31.20
9
3.50 14.80
3.45 18.26
7.20 17.20
15.99 17.75
20.44 16.30
25.50 15.35
26.70 16.35
25.24 20.20
27.90 22.95
19
28.40 14.45
28.84 13.60
27.09 13.30
23.70 13.76
23.65 8.70
19.45 8.40
18.50 7.76
16.80 8.31
15.00 7.41
8.05 12.10
8.44 12.95
5.79 13.30
7.20 17.25
6.00 17.55
5.85 19.05
5.10 19.11
5.14 21.81
3.45 21.81
3.39 27.56
14
18.50 1.76
19.45 2.45
19.40 4.41
25.84 4.55
26.74 5.55
26.79 8.91
26.55 9.95
27.25 10.35
27.09 13.20
26.19 15.95
24.94 16.16
24.34 18.90
25.24 20.20
21.85 23.40
5
19.50 2.70
17.40 2.10
15.20 2.10
13.05 0.86
5.60 1.00
16
26.85 3.15
26.74 5.55
25.80 4.60
23.00 4.41
24.20 11.61
22.29 11.66
22.95 15.86
18.20 16.46
14.79 16.85
14.49 17.70
7.24 17.10
7.80 18.70
6.64 20.36
6.55 21.81
3.39 21.81
3.45 27.65
9
3.34 21.75
5.10 21.75
5.14 17.75
3.45 18.21
3.39 13.41
4.24 6.10
8.05 2.40
5.00 0.70
19.45 0.86
10
20.55 11.66
22.29 11.66
22.65 13.90
20.79 14.20
21.15 16.20
26.14 15.05
26.65 16.41
25.20 20.01
28.35 23.36
29.60 22.25
7
19.40 0.95
19.40 12.40
15.85 12.26
18.45 18.15
19.59 17.96
21.80 23.50
16.20 28.85
8
26.79 3.21
26.79 8.70
26.55 9.95
27.20 10.25
27.15 13.25
28.80 13.55
25.24 19.90
28.40 23.40
7
20.70 11.66
21.04 14.06
27.09 13.25
28.89 13.55
25.40 19.95
28.70 23.40
15.25 33.95
14
28.35 14.40
28.84 13.55
27.00 13.25
26.65 10.00
26.79 8.85
19.40 8.31
18.39 7.80
16.84 8.31
15.04 7.41
13.65 8.20
11.65 4.46
9.20 3.15
4.05 7.85
3.45 14.85
12
28.29 14.50
28.75 13.55
27.30 13.25
26.44 15.26
20.49 16.30
19.10 18.56
19.89 21.60
9.64 23.61
9.09 21.86
3.50 21.81
3.34 29.96
2.05 30.45
4
3.50 14.75
3.45 33.51
15.80 33.51
18.90 31.11
4
21.85 23.40
25.24 19.90
26.85 21.51
28.89 20.01
5
28.35 14.45
29.85 12.26
29.85 2.66
29.19 2.06
19.45 2.01
13
28.29 14.20
28.70 13.46
27.15 13.41
26.60 14.45
20.93 15.34
20.66 14.19
20.13 14.32
19.76 12.39
15.87 12.20
7.28 17.13
3.53 18.20
2.81 18.29
2.81 15.82
10
3.20 10.95
4.24 6.05
7.05 9.81
10.50 17.45
15.75 17.61
18.64 17.06
19.89 21.56
18.00 21.95
20.00 25.25
21.80 23.45
14
28.29 14.40
29.55 12.75
29.49 8.40
24.60 7.25
24.55 8.70
19.35 8.25
18.50 7.80
16.84 8.31
15.04 7.50
13.80 8.20
10.29 9.35
7.84 6.05
5.85 8.06
6.25 9.90
9
20.55 11.70
22.24 11.66
22.65 13.85
25.24 13.55
24.94 10.30
26.49 10.41
26.74 8.75
26.79 1.95
19.40 1.90
3
3.45 21.60
3.45 33.95
15.25 34.05
3
21.80 23.36
25.35 20.06
29.70 24.21
5
29.49 12.86
25.35 19.85
12.55 32.20
9.69 23.61
7.15 17.15
3
3.45 21.70
3.39 34.55
15.25 34.76
7
5.60 1.05
4.95 0.70
2.10 5.25
1.29 13.20
1.24 18.10
2.49 18.21
2.70 15.86
5
21.90 23.40
12.60 32.15
10.59 27.15
3.39 29.96
3.45 33.90
3
15.30 33.95
28.59 23.50
28.84 21.90
10
6.60 20.36
7.75 18.70
5.55 13.85
6.94 9.86
9.04 7.35
6.39 4.25
8.30 2.45
10.54 3.65
15.34 2.01
19.45 2.01
200
16 30
25 35
9 22
7 35
5 26
23 28
26 33
29 29
9 25
25 31
10 9
3 35
25 32
13 9
6 31
12 26
24 25
14 27
16 1
20 15
2 31
10 35
14 30
0 13
22 34
20 13
17 11
18 26
13 14
21 24
23 4
1 25
26 14
10 14
1 31
24 29
26 1
15 16
4 7
16 2
29 25
10 27
13 30
16 33
26 20
19 26
20 29
0 19
8 34
15 25
15 7
0 33
26 26
12 33
10 34
1 26
23 1
20 10
18 25
2 30
28 30
21 15
21 0
22 32
22 0
27 22
25 24
0 32
14 26
3 24
5 6
11 14
7 29
17 1
8 35
3 33
22 27
6 35
24 0
29 23
26 19
6 30
15 27
4 24
29 2
1 12
16 17
25 34
10 3
5 29
27 24
20 12
3 3
29 12
26 31
2 4
0 35
7 27
26 30
28 32
25 33
28 24
14 1
6 13
26 27
0 4
6 33
0 16
13 13
11 33
9 28
18 24
27 29
14 17
6 1
11 22
13 31
11 27
21 5
12 32
22 15
14 8
19 23
18 29
4 5
21 25
1 35
6 15
7 7
11 4
7 24
19 29
28 34
16 11
24 32
17 27
15 12
15 9
17 29
8 29
29 26
18 7
2 27
9 35
22 28
0 0
21 31
28 35
5 0
7 14
18 23
19 1
23 5
26 0
1 27
24 35
20 24
3 6
5 30
26 29
19 27
25 26
8 23
2 11
24 31
13 1
5 34
0 25
27 21
13 34
3 30
8 27
29 3
5 35
9 31
15 11
21 27
12 14
23 3
22 30
4 35
8 22
24 28
12 4
13 0
28 28
20 28
12 31
24 33
2 33
11 34
1 32
22 26
23 30
27 27
16 35
25 16
28 0
28 25
7 33