30 36 3.00
60
9
21.80 21.32
21.73 18.00
21.19 16.97
20.79 14.29
19.39 14.46
19.41 12.40
15.84 12.23
11.69 4.40
5.69 1.03
6
26.11 15.99
25.87 15.37
18.02 16.97
15.91 12.23
11.74 4.34
4.21 0.17
9
19.40 2.75
19.45 11.85
20.85 11.91
21.09 14.15
26.10 13.46
26.14 15.95
26.55 16.60
25.29 19.95
27.90 22.85
7
29.65 4.05
26.79 4.71
26.79 8.80
26.05 13.46
26.05 15.90
25.35 20.10
21.85 23.45
7
18.39 1.80
15.34 2.01
10.75 3.81
9.34 3.05
4.05 7.85
3.45 18.26
2.10 19.05
2
19.40 14.50
19.40 0.15
8
14.74 17.70
7.15 17.20
7.80 18.75
6.55 20.31
6.64 21.86
3.45 21.86
3.39 34.60
5.79 34.60
11
21.85 23.50
23.25 22.16
21.80 21.30
23.35 18.60
23.90 16.41
23.05 9.15
23.65 8.61
23.00 4.41
19.40 4.35
19.40 0.56
21.50 0.60
12
23.79 18.65
24.90 15.51
24.20 11.70
19.45 11.66
19.40 12.40
15.85 12.35
13.29 7.46
9.50 10.05
9.90 10.76
8.00 12.10
9.64 15.60
7.20 17.20
3
21.80 23.45
25.35 20.10
29.79 24.30
7
20.60 11.66
22.29 11.66
22.65 13.85
26.05 13.46
26.14 15.95
25.45 20.25
27.80 23.06
9
14.74 17.70
15.45 16.65
12.64 13.76
10.70 10.25
15.04 7.41
14.85 4.35
17.74 3.30
19.40 3.26
19.45 0.21
8
14.74 17.70
15.39 16.60
12.50 13.76
9.00 7.30
8.00 6.00
5.74 8.15
4.29 6.10
3.50 14.80
7
23.79 18.60
21.85 21.30
9.80 23.55
9.04 21.86
3.45 21.81
3.39 29.91
2.90 30.60
6
21.90 23.50
25.29 20.01
28.75 23.40
15.94 33.45
12.50 33.56
12.55 35.75
8
19.45 2.70
19.40 4.35
11.65 4.35
6.90 9.75
5.55 13.80
7.24 17.25
3.39 18.21
3.50 14.80
7
21.80 23.45
25.29 20.06
28.70 23.36
15.90 33.56
12.50 33.51
12.50 34.60
5.85 34.55
8
14.70 17.70
10.54 17.45
6.94 9.86
9.00 7.30
10.29 9.51
13.29 7.46
13.75 8.20
15.04 7.35
6
28.35 14.40
29.65 12.70
29.44 8.10
25.84 4.60
11.60 4.35
5.70 1.11
5
14.74 17.66
10.54 17.45
7.20 17.20
3.39 18.15
0.25 18.05
8
19.40 2.75
19.40 8.31
18.45 7.85
16.84 8.31
15.04 7.35
13.70 8.15
11.65 4.35
5.74 1.05
13
27.85 22.95
25.29 20.15
22.89 22.16
21.64 21.40
19.95 21.65
19.10 18.26
16.75 18.65
15.20 17.06
12.60 13.76
9.00 7.30
6.34 4.16
8.19 2.36
6.64 0.40
14
24.66 10.31
23.98 10.26
22.21 9.78
22.25 6.93
19.39 6.82
16.96 6.73
16.17 7.99
15.04 7.36
13.93 8.67
12.87 9.93
13.93 13.17
12.62 13.79
15.44 16.65
18.07 16.07
8
29.44 12.86
29.35 8.15
25.75 4.60
23.00 4.35
11.60 4.30
7.05 9.86
5.55 13.85
7.20 17.20
7
3.39 27.56
3.39 21.81
9.00 21.86
7.10 17.25
15.90 17.75
19.45 17.10
19.35 2.70
13
26.74 3.26
26.79 7.60
22.29 6.95
22.24 8.50
19.40 8.36
18.39 7.80
16.84 8.36
15.00 7.46
8.00 12.10
9.69 15.60
7.20 17.25
2.85 18.21
3.15 11.01
9
5.70 1.11
11.65 4.35
6.94 9.90
10.59 17.50
11.90 19.60
8.14 19.65
9.04 21.81
3.39 21.75
3.39 27.60
18
19.40 2.75
19.45 8.36
18.39 7.80
16.80 8.36
15.04 7.41
13.65 8.25
15.90 12.26
12.60 13.76
11.60 17.45
7.20 17.20
6.00 17.50
5.79 19.00
6.45 21.81
5.10 21.75
5.10 23.06
3.39 24.65
3.39 29.85
2.05 30.40
10
19.45 2.66
19.40 3.35
17.74 3.26
14.85 4.41
11.65 4.35
9.30 3.00
4.05 7.90
3.39 18.21
1.35 18.15
1.29 19.30
14
3.45 21.81
9.09 21.90
7.24 17.25
10.54 17.40
9.64 15.65
12.64 13.80
15.85 12.30
20.95 12.45
20.90 11.66
24.94 11.70
24.90 10.35
26.55 10.41
26.85 8.75
26.70 3.21
9
22.05 6.81
22.24 8.61
23.74 8.70
25.05 16.05
24.39 18.81
25.20 20.15
12.64 32.20
2.05 32.10
1.95 27.86
6
19.35 2.66
19.45 17.15
15.80 17.70
7.20 17.20
3.39 18.15
1.35 18.21
13
3.50 14.80
4.29 6.05
6.99 9.81
8.00 12.10
10.70 10.25
12.64 13.76
16.45 17.70
18.69 17.20
19.89 21.86
18.39 22.30
20.00 25.25
13.10 31.80
12.30 31.20
9
3.50 14.80
3.45 18.26
7.20 17.20
15.99 17.75
20.44 16.30
25.50 15.35
26.70 16.35
25.24 20.20
27.90 22.95
19
28.40 14.45
28.84 13.60
27.09 13.30
23.70 13.76
23.65 8.70
19.45 8.40
18.50 7.76
16.80 8.31
15.00 7.41
8.05 12.10
8.44 12.95
5.79 13.30
7.20 17.25
6.00 17.55
5.85 19.05
5.10 19.11
5.14 21.81
3.45 21.81
3.39 27.56
14
18.50 1.76
19.45 2.45
19.40 4.41
25.84 4.55
26.74 5.55
26.79 8.91
26.55 9.95
27.25 10.35
27.09 13.20
26.19 15.95
24.94 16.16
24.34 18.90
25.24 20.20
21.85 23.40
5
19.50 2.70
17.40 2.10
15.20 2.10
13.05 0.86
5.60 1.00
16
26.85 3.15
26.74 5.55
25.80 4.60
23.00 4.41
24.20 11.61
22.29 11.66
22.95 15.86
18.20 16.46
14.79 16.85
14.49 17.70
7.24 17.10
7.80 18.70
6.64 20.36
6.55 21.81
3.39 21.81
3.45 27.65
9
3.34 21.75
5.10 21.75
5.14 17.75
3.45 18.21
3.39 13.41
4.24 6.10
8.05 2.40
5.00 0.70
19.45 0.86
10
20.55 11.66
22.29 11.66
22.65 13.90
20.79 14.20
21.15 16.20
26.14 15.05
26.65 16.41
25.20 20.01
28.35 23.36
29.60 22.25
7
19.40 0.95
19.40 12.40
15.85 12.26
18.45 18.15
19.59 17.96
21.80 23.50
16.20 28.85
8
26.79 3.21
26.79 8.70
26.55 9.95
27.20 10.25
27.15 13.25
28.80 13.55
25.24 19.90
28.40 23.40
7
20.70 11.66
21.04 14.06
27.09 13.25
28.89 13.55
25.40 19.95
28.70 23.40
15.25 33.95
14
28.35 14.40
28.84 13.55
27.00 13.25
26.65 10.00
26.79 8.85
19.40 8.31
18.39 7.80
16.84 8.31
15.04 7.41
13.65 8.20
11.65 4.46
9.20 3.15
4.05 7.85
3.45 14.85
12
28.29 14.50
28.75 13.55
27.30 13.25
26.44 15.26
20.49 16.30
19.10 18.56
19.89 21.60
9.64 23.61
9.09 21.86
3.50 21.81
3.34 29.96
2.05 30.45
4
3.50 14.75
3.45 33.51
15.80 33.51
18.90 31.11
4
21.85 23.40
25.24 19.90
26.85 21.51
28.89 20.01
5
28.35 14.45
29.85 12.26
29.85 2.66
29.19 2.06
19.45 2.01
13
28.29 14.20
28.70 13.46
27.15 13.41
26.60 14.45
20.93 15.34
20.66 14.19
20.13 14.32
19.76 12.39
15.87 12.20
7.28 17.13
3.53 18.20
2.81 18.29
2.81 15.82
10
3.20 10.95
4.24 6.05
7.05 9.81
10.50 17.45
15.75 17.61
18.64 17.06
19.89 21.56
18.00 21.95
20.00 25.25
21.80 23.45
14
28.29 14.40
29.55 12.75
29.49 8.40
24.60 7.25
24.55 8.70
19.35 8.25
18.50 7.80
16.84 8.31
15.04 7.50
13.80 8.20
10.29 9.35
7.84 6.05
5.85 8.06
6.25 9.90
9
20.55 11.70
22.24 11.66
22.65 13.85
25.24 13.55
24.94 10.30
26.49 10.41
26.74 8.75
26.79 1.95
19.40 1.90
3
3.45 21.60
3.45 33.95
15.25 34.05
3
21.80 23.36
25.35 20.06
29.70 24.21
5
29.49 12.86
25.35 19.85
12.55 32.20
9.69 23.61
7.15 17.15
3
3.45 21.70
3.39 34.55
15.25 34.76
7
5.60 1.05
4.95 0.70
2.10 5.25
1.29 13.20
1.24 18.10
2.49 18.21
2.70 15.86
5
21.90 23.40
12.60 32.15
10.59 27.15
3.39 29.96
3.45 33.90
3
15.30 33.95
28.59 23.50
28.84 21.90
10
6.60 20.36
7.75 18.70
5.55 13.85
6.94 9.86
9.04 7.35
6.39 4.25
8.30 2.45
10.54 3.65
15.34 2.01
19.45 2.01
400
15 32
17 31
29 31
12 2
20 30
25 11
19 25
19 18
2 23
17 32
14 35
27 0
10 33
11 23
28 5
29 1
28 9
18 34
18 31
10 32
28 30
3 7
4 35
23 35
21 4
14 6
26 9
9 22
15 29
14 29
16 25
19 24
22 28
18 23
27 15
26 26
4 24
11 29
13 19
21 28
21 31
6 2
12 1
19 2
5 32
21 30
25 2
21 13
20 2
15 28
20 35
24 32
11 30
25 5
20 28
0 26
1 6
9 26
2 8
2 26
1 2
14 16
6 28
29 35
11 4
7 2
24 8
29 22
0 10
10 30
8 33
22 0
24 21
26 14
6 29
29 32
10 28
11 24
15 9
8 22
2 33
12 3
29 9
1 10
5 24
29 34
18 29
0 2
10 21
14 14
15 27
22 7
15 3
28 2
16 3
8 15
13 2
28 34
26 24
1 5
10 26
10 7
6 0
5 35
6 8
25 35
2 29
29 6
19 17
17 27
24 29
8 35
0 7
14 15
14 33
14 8
26 30
26 0
18 25
19 35
28 14
4 23
3 28
16 22
2 2
9 28
6 27
16 29
20 3
2 0
2 16
24 3
12 26
2 4
15 34
1 32
15 18
6 23
5 5
0 8
14 17
19 16
11 7
0 32
27 8
9 5
29 5
6 34
9 4
14 25
2 5
9 25
6 19
19 10
5 17
21 0
26 22
7 34
20 34
21 35
23 19
27 20
2 28
27 7
21 3
28 21
29 2
17 16
10 35
23 28
12 31
25 34
22 29
3 5
13 14
19 26
29 28
9 27
7 25
23 34
23 32
16 7
4 16
13 35
25 33
17 5
14 18
11 33
17 28
20 27
13 1
7 0
27 3
10 24
10 22
14 12
7 13
13 34
4 28
4 26
19 7
28 3
26 29
7 22
0 29
28 15
29 23
11 26
1 17
3 30
13 9
18 32
26 13
20 31
22 6
23 33
15 16
8 0
12 15
26 18
3 34
15 15
24 0
10 27
10 18
7 28
10 23
7 35
10 17
13 23
13 5
29 29
26 28
7 12
4 17
3 0
18 8
5 0
0 1
24 11
28 32
2 10
15 6
1 25
29 27
16 8
7 30
11 27
13 0
22 4
7 7
27 23
19 19
19 30
1 29
29 26
4 31
29 13
0 24
17 29
21 34
17 2
0 35
9 33
15 12
5 28
12 34
1 1
11 25
26 31
4 6
9 18
3 26
13 24
13 30
27 27
27 26
9 29
1 33
3 24
7 31
12 35
26 3
20 0
19 3
28 28
11 35
15 33
1 3
19 0
27 30
14 2
12 7
3 35
16 31
0 20
24 28
8 5
20 18
17 26
14 22
26 34
8 24
7 21
28 23
9 17
14 23
14 13
23 17
21 27
6 33
14 34
15 35
21 2
13 25
5 25
29 17
28 26
7 1
25 4
3 20
8 14
20 16
3 33
16 28
18 19
15 14
29 12
17 34
14 20
1 15
26 32
22 31
29 3
28 25
21 33
29 30
25 25
14 7
12 25
23 15
3 1
2 24
27 24
9 23
23 31
6 6
15 1
14 19
27 18
27 21
4 34
5 27
24 27
1 11
11 0
26 2
21 7
7 27
25 26
18 18
15 5
2 25
7 6
0 5
20 22
4 5
20 33
1 0
0 23
4 22
23 27
28 7
16 18
24 35
7 15
15 23
1 21
3 6
14 5
15 10
28 22
12 32
14 9
25 0
3 32
15 8
0 3
8 28
23 30
20 19
11 34
22 32
13 33
2 35
12 33
27 33
15 2
15 0
27 22