42 50 3.00
60
9
30.52 29.61
30.42 25.00
29.66 23.57
29.11 19.85
27.14 20.08
27.17 17.23
22.18 16.99
16.37 6.11
7.97 1.43
6
36.55 22.20
36.22 21.35
25.22 23.57
22.27 16.99
16.44 6.02
5.89 0.24
9
27.16 3.82
27.23 16.46
29.18 16.54
29.53 19.65
36.54 18.69
36.60 22.15
37.16 23.06
35.41 27.71
39.06 31.74
7
41.51 5.63
37.51 6.54
37.51 12.23
36.47 18.69
36.47 22.08
35.48 27.92
30.59 32.57
7
25.75 2.50
21.48 2.79
15.05 5.29
13.08 4.24
5.66 10.90
4.82 25.36
2.94 26.46
2
27.16 20.14
27.16 0.21
8
20.64 24.58
10.01 23.89
10.92 26.05
9.17 28.20
9.30 30.36
4.82 30.36
4.75 48.06
8.11 48.06
11
30.59 32.64
32.54 30.77
30.52 29.58
32.69 25.83
33.46 22.79
32.27 12.71
33.11 11.95
32.20 6.12
27.16 6.05
27.16 0.77
30.10 0.83
12
33.31 25.90
34.86 21.54
33.88 16.25
27.23 16.19
27.16 17.23
22.19 17.15
18.61 10.36
13.30 13.96
13.86 14.94
11.20 16.81
13.50 21.67
10.08 23.89
3
30.52 32.57
35.48 27.92
41.71 33.75
7
28.84 16.19
31.21 16.19
31.70 19.24
36.47 18.69
36.60 22.15
35.63 28.13
38.92 32.02
9
20.64 24.58
21.62 23.13
17.70 19.11
14.98 14.24
21.06 10.29
20.78 6.05
24.84 4.58
27.16 4.52
27.23 0.29
8
20.64 24.58
21.55 23.06
17.50 19.11
12.60 10.14
11.20 8.33
8.04 11.32
6.01 8.48
4.90 20.56
7
33.31 25.83
30.59 29.58
13.72 32.71
12.66 30.36
4.82 30.29
4.75 41.54
4.06 42.50
6
30.66 32.64
35.41 27.79
40.25 32.50
22.32 46.46
17.50 46.61
17.57 49.65
8
27.23 3.75
27.16 6.05
16.31 6.05
9.66 13.55
7.76 19.17
10.14 23.96
4.75 25.29
4.90 20.56
7
30.52 32.57
35.41 27.86
40.18 32.44
22.26 46.61
17.50 46.54
17.50 48.06
8.18 47.99
8
20.58 24.58
14.76 24.24
9.72 13.69
12.60 10.14
14.41 13.20
18.61 10.36
19.25 11.39
21.06 10.21
6
39.68 20.00
41.51 17.64
41.22 11.25
36.18 6.39
16.24 6.05
7.98 1.54
5
20.64 24.52
14.76 24.24
10.08 23.89
4.75 25.21
0.35 25.07
8
27.16 3.82
27.16 11.54
25.82 10.90
23.58 11.54
21.06 10.21
19.18 11.32
16.31 6.05
8.04 1.46
13
38.99 31.88
35.41 27.99
32.05 30.77
30.30 29.73
27.92 30.07
26.74 25.36
23.45 25.90
21.28 23.69
17.64 19.11
12.60 10.14
8.88 5.77
11.47 3.27
9.30 0.56
14
34.52 14.32
33.58 14.25
31.09 13.58
31.15 9.62
27.14 9.48
23.75 9.35
22.64 11.10
21.06 10.23
19.50 12.04
18.01 13.79
19.50 18.29
17.66 19.15
21.61 23.12
25.30 22.32
8
41.22 17.86
41.09 11.32
36.05 6.39
32.20 6.05
16.24 5.98
9.86 13.69
7.76 19.24
10.08 23.89
7
4.75 38.27
4.75 30.29
12.60 30.36
9.94 23.96
22.26 24.65
27.23 23.75
27.08 3.75
13
37.44 4.52
37.51 10.56
31.21 9.65
31.14 11.81
27.16 11.61
25.75 10.83
23.58 11.61
21.00 10.36
11.20 16.81
13.57 21.67
10.08 23.96
3.98 25.29
4.40 15.29
9
7.98 1.54
16.31 6.05
9.72 13.75
14.83 24.31
16.66 27.23
11.40 27.30
12.66 30.29
4.75 30.21
4.75 38.33
18
27.16 3.82
27.23 11.61
25.75 10.83
23.52 11.61
21.06 10.29
19.10 11.46
22.26 17.02
17.64 19.11
16.24 24.24
10.08 23.89
8.40 24.31
8.11 26.39
9.02 30.29
7.14 30.21
7.14 32.02
4.75 34.24
4.75 41.46
2.87 42.23
10
27.23 3.69
27.16 4.65
24.84 4.52
20.78 6.12
16.31 6.05
13.02 4.17
5.66 10.98
4.75 25.29
1.88 25.21
1.81 26.81
14
4.82 30.29
12.73 30.42
10.14 23.96
14.76 24.17
13.50 21.74
17.70 19.17
22.19 17.08
29.33 17.30
29.26 16.19
34.92 16.25
34.86 14.38
37.16 14.45
37.58 12.15
37.38 4.45
9
30.86 9.45
31.14 11.95
33.24 12.08
35.06 22.30
34.15 26.12
35.28 27.99
17.70 44.73
2.87 44.58
2.72 38.69
6
27.08 3.69
27.23 23.82
22.12 24.58
10.08 23.89
4.75 25.21
1.88 25.29
13
4.90 20.56
6.01 8.40
9.79 13.62
11.20 16.81
14.98 14.24
17.70 19.11
23.03 24.58
26.17 23.89
27.85 30.36
25.75 30.98
28.00 35.07
18.34 44.17
17.22 43.33
9
4.90 20.56
4.82 25.36
10.08 23.89
22.39 24.65
28.62 22.64
35.70 21.32
37.38 22.71
35.34 28.06
39.06 31.88
19
39.76 20.07
40.38 18.89
37.93 18.48
33.18 19.11
33.11 12.08
27.23 11.67
25.90 10.77
23.52 11.54
21.00 10.29
11.27 16.81
11.82 17.99
8.11 18.48
10.08 23.96
8.40 24.38
8.18 26.46
7.14 26.54
7.20 30.29
4.82 30.29
4.75 38.27
14
25.90 2.44
27.23 3.40
27.16 6.12
36.18 6.32
37.44 7.71
37.51 12.37
37.16 13.82
38.15 14.38
37.93 18.33
36.67 22.15
34.92 22.44
34.08 26.25
35.34 28.06
30.59 32.50
5
27.30 3.75
24.36 2.92
21.28 2.92
18.26 1.19
7.84 1.39
16
37.58 4.38
37.44 7.71
36.12 6.39
32.20 6.12
33.88 16.12
31.21 16.19
32.12 22.02
25.48 22.86
20.71 23.40
20.29 24.58
10.14 23.75
10.92 25.98
9.30 28.27
9.17 30.29
4.75 30.29
4.82 38.40
9
4.68 30.21
7.14 30.21
7.20 24.65
4.82 25.29
4.75 18.62
5.94 8.48
11.27 3.33
7.00 0.98
27.23 1.19
10
28.76 16.19
31.21 16.19
31.70 19.31
29.11 19.73
29.60 22.50
36.60 20.90
37.31 22.79
35.28 27.79
39.68 32.44
41.44 30.90
7
27.16 1.32
27.16 17.23
22.19 17.02
25.82 25.21
27.43 24.94
30.52 32.64
22.68 40.07
8
37.51 4.45
37.51 12.08
37.16 13.82
38.08 14.24
38.00 18.40
40.32 18.82
35.34 27.64
39.76 32.50
7
28.98 16.19
29.46 19.52
37.93 18.40
40.45 18.82
35.56 27.71
40.18 32.50
21.35 47.15
14
39.68 20.00
40.38 18.82
37.80 18.40
37.31 13.89
37.51 12.30
27.16 11.54
25.75 10.83
23.58 11.54
21.06 10.29
19.10 11.39
16.31 6.19
12.88 4.38
5.66 10.90
4.82 20.63
12
39.61 20.14
40.25 18.82
38.22 18.40
37.02 21.19
28.69 22.64
26.74 25.77
27.85 30.00
13.50 32.79
12.73 30.36
4.90 30.29
4.68 41.61
2.87 42.30
4
4.90 20.49
4.82 46.54
22.12 46.54
26.46 43.20
4
30.59 32.50
35.34 27.64
37.58 29.87
40.45 27.79
5
39.68 20.07
41.78 17.02
41.78 3.69
40.87 2.86
27.23 2.79
13
39.61 19.73
40.18 18.69
38.00 18.62
37.24 20.07
29.30 21.31
28.92 19.70
28.18 19.89
27.66 17.21
22.22 16.94
10.19 23.80
4.94 25.27
3.94 25.40
3.94 21.98
10
4.48 15.21
5.94 8.40
9.86 13.62
14.70 24.24
22.04 24.45
26.10 23.69
27.85 29.94
25.20 30.49
28.00 35.07
30.52 32.57
14
39.61 20.00
41.36 17.71
41.29 11.67
34.44 10.07
34.37 12.08
27.08 11.46
25.90 10.83
23.58 11.54
21.06 10.42
19.32 11.39
14.41 12.99
10.98 8.40
8.18 11.19
8.75 13.75
9
28.76 16.25
31.14 16.19
31.70 19.24
35.34 18.82
34.92 14.31
37.09 14.45
37.44 12.15
37.51 2.71
27.16 2.64
3
4.82 30.00
4.82 47.15
21.35 47.30
3
30.52 32.44
35.48 27.86
41.58 33.62
5
41.29 17.86
35.48 27.57
17.57 44.73
13.57 32.79
10.01 23.82
3
4.82 30.14
4.75 47.99
21.35 48.27
7
7.84 1.46
6.92 0.98
2.94 7.30
1.81 18.33
1.74 25.14
3.49 25.29
3.78 22.02
5
30.66 32.50
17.64 44.65
14.83 37.71
4.75 41.61
4.82 47.08
3
21.42 47.15
40.03 32.64
40.38 30.42
10
9.24 28.27
10.85 25.98
7.76 19.24
9.72 13.69
12.66 10.21
8.95 5.90
11.62 3.40
14.76 5.07
21.48 2.79
27.23 2.79
200
11 45
28 46
41 31
37 48
17 38
2 46
0 34
15 31
11 38
35 46
11 41
21 22
7 34
11 15
39 1
18 22
29 48
32 26
9 44
29 37
41 18
19 9
14 38
0 26
6 34
9 30
38 21
1 17
23 24
16 45
27 2
14 37
40 0
19 34
9 36
14 5
5 14
33 48
41 33
1 34
26 32
36 41
28 37
36 44
8 43
12 42
21 41
23 28
32 5
2 9
21 15
30 42
30 37
22 5
25 5
36 23
3 36
23 47
26 24
38 32
9 45
23 22
7 42
32 27
16 35
13 22
40 40
24 49
35 16
8 22
29 45
21 1
1 49
25 17
17 12
5 39
33 37
24 2
25 3
28 9
15 6
16 17
6 43
28 25
9 9
35 47
27 27
27 6
4 6
19 11
24 23
33 49
3 5
15 32
18 37
30 10
2 33
27 10
21 13
29 36
32 39
22 38
20 14
29 25
27 42
15 2
38 11
32 38
41 45
11 9
38 18
16 19
17 42
15 36
12 36
5 37
22 26
34 0
39 36
1 7
32 7
28 24
13 10
33 27
22 44
20 35
34 39
16 42
34 49
6 15
37 34
5 36
28 23
24 0
0 48
29 41
30 1
9 14
4 46
27 32
23 23
39 49
25 8
11 11
27 37
21 9
26 41
6 9
17 18
27 41
0 18
25 46
9 16
37 49
23 40
8 36
25 48
19 24
9 22
23 25
35 41
28 1
20 22
7 48
20 36
6 49
26 12
6 42
10 15
30 20
19 44
2 41
25 41
38 46
12 18
27 5
30 49
35 2
3 22
8 23
37 10
2 5
21 35
31 46
31 5
4 47
14 34
41 49
6 25
16 33
11 46
18 34
22 30
40 30
31 12
23 31
12 30
17 37
4 34
24 37