       m k           Optimal   Optimal runtime            Greedy    Greedy runtime                GA     GA evaluation        GA runtime              GAPI   GAPI evaluation      GAPI runtime                SA     SA evaluation        SA runtime              SAPI   SAPI evaluation      SAPI runtime
      m1k1                 8       0.381546675                 8       0.110950666                 8                 0       34.65351087                 8                 0      34.387121281                 8               370      19.393811775                 8                 0      19.222535302
      m1k2                12        1.95081063                12       0.126544398                12                 1      37.133796049                12                 0      36.449897845                10               302      21.341619425                12                 0      21.268706145
      m1k3                15       2.359350407                15       0.080170604                15                41      39.742611827                15                 0      39.427668538                12               147      24.061508786                15                 0      24.437070083
      m1k4                16       2.952430139                16       0.090579333                15                33      43.249869207                16                 0      44.946651932                15               625      26.478285849                16                 0      26.410041625
      m1k5                17       1.599631729                17       0.112338189                16                66      46.277833082                17                 0      44.629217698                17               159      28.653632148                17                 0      29.944715721
      m1k6                18       1.377058851                18       0.132799632                17               270      47.996116807                18                 0       49.00849587                17                28      32.503560729                18                 0      32.210262163
      m1k7                19       1.072630239                19       0.168342421                18                21      52.818597068                19                 0      51.345800667                16              1117      35.678873465                19                 0      34.797005899
      m1k8                19       0.914721846                19       0.168536527                18                97      54.595995476                19                 0      54.116967812                18               486      38.376859828                19                 0      39.659720487
      m1k9                19       0.909444197                19       0.192731317                18              6708      53.730018376                19                 0      55.784008067                18               587      41.173756205                19                 0      40.313148829
     m1k10                19       0.838451559                19       0.245843638                18              8304      54.947099235                19                 0      58.511122021                19               197      42.680357941                19                 0      41.552788228
     m1k11                19       0.884007941                19       0.270855725                19             27434      56.771450526                19                 0      59.681045383                19               696      43.055468649                19                 0      44.273529164
     m1k12                19       0.903272903                19       0.293085499                18                 8      65.062030265                19                 0      61.145484793                18               259      46.718340285                19                 0      46.719569359
     m1k13                19       0.844584304                19       0.286001369                19                51      63.412471849                19                 0      61.839657171                19               179       52.06253067                19                 0      51.185909202
     m1k14                19       0.877215159                19       0.339344643                19                 7      65.560546815                19                 0      65.125413205                19               571      53.362142114                19                 0      53.715019829
     m1k15                19       0.879672752                19         0.3337111                19              1165      65.271100569                19                 0      67.134994931                18                70      55.973638346                19                 0      56.360592282
     m1k16                19       0.821571433                19       0.342729357                19                 0      70.773996419                19                 0       69.87213942                19               677      58.949476868                19                 0      60.804971492
     m1k17                19       0.825330217                19       0.366558156                19                26       73.31299397                19                 0      70.774727869                19               136      62.280580929                19                 0      61.108331145
     m1k18                19       0.726260818                19       0.372476893                19                23      74.146461954                19                 0      71.845367089                19               374      67.703805673                19                 0      67.618552822
     m1k19                19       0.777779178                19       0.427471848                19                 9      75.783631513                19                 0      73.157503749                19               541      71.020563778                19                 0      71.241704549
     m1k20                19       0.711619958                19       0.416077644                19                 2      78.004752706                19                 0      73.589750528                19                34      74.277865681                19                 0      75.183729223
     m1k21                19       0.712838672                19       0.462399713                19                27      80.584892264                19                 0        81.6045223                19               362      74.639268673                19                 0      74.260863396
     m1k22                19       0.705201691                19       0.466846923                19                 0      80.127854818                19                 0      79.432105766                19               144      77.948941721                19                 0       78.45764335
     m1k23                19       0.704250052                19       0.495871471                19                 1      81.744515916                19                 0      80.990147384                19                50      81.152315262                19                 0      81.662571951
     m1k24                19       0.653290543                19       0.499294247                19                 0       85.95109262                19                 0       86.04524995                19                94      84.477752245                19                 0      83.232262786
     m1k25                19         0.6506755                19        0.54650473                19                 4      83.068575462                19                 0      85.907615532                19                77      82.905558762                19                 0      82.675083628
     m1k26                19        0.65339528                19       0.578678819                19                 2      88.731358777                19                 0      87.460604472                19               124      86.337919164                19                 0      86.825805364
     m1k27                19       0.635356808                19       0.555054596                19                 0      90.973640082                19                 0      90.982683464                19               117      91.227789279                19                 0      90.764853423
     m1k28                19       0.615940395                19       0.605286128                19                 0      93.957972612                19                 0      96.946058352                19               122      92.818715754                19                 0        91.7245798
     m1k29                19       0.625372862                19       0.609678562                19                 2      96.448955001                19                 0      99.422517205                19               110      96.004184843                19                 0      95.664471137
      m2k1                14      11.735675987                13       0.066466535                14              1323      39.497430992                14                43      40.041353131                12                55      23.422670842                13                 0      22.688061035
      m2k2                21       7.565968618                15       0.094854284                20             20692       45.88691704                20               149      44.664630818                18               609      27.069199513                17               354       27.37146622
      m2k3                23       2.656746438                21       0.135153672                23              1559      47.314714751                21                 0      54.840823819                20               572      32.328400316                21                 0      31.319806587
      m2k4                24       1.259675068                21        0.16754246                23             23850      55.770370186                23               546      55.944783397                22               886      36.954961452                21                 0       36.31510887
      m2k5                24       1.059558305                23       0.229437416                23                23      57.700995983                23                 0      59.977692332                22               613      43.675490992                23                 0      44.636008416
      m2k6                24       0.636627978                21       0.227752911                23                 4      61.168822163                23                 0      64.117908684                22                22      48.842708221                21                 0       49.44432076
      m2k7                24       0.230983097                21       0.261509713                23                 4      68.730480078                23                30      63.927628881                22               506      55.792131309                23                 8      57.508204729
      m2k8                24       0.396785528                21       0.292062523                24                 5      66.004723062                23              1046      69.131926612                22               153      62.763817572                23              1053      64.605746587
      m2k9                24       0.391281517                21       0.350509244                23                16      74.264002738                23                 0       74.53342883                23               211       66.82924914                22                44      66.500866886
     m2k10                24       0.620295744                21       0.367321006                24                 7      75.261294924                24              4894      77.383110044                23               736      72.367693482                23               601      72.294500672
     m2k11                24       0.656841021                21       0.402079767                23                 0      87.720522252                23                 0      79.935038115                23                89      77.614477675                23               345       76.11771657
     m2k12                24       0.395707493                24       0.460608987                24              2017      80.045054427                24                 0      84.357364696                23               444      88.334902308                24                 0      80.697178736
     m2k13                24       0.392497249                24       0.485982119                24                 0      96.844185044                24                 0      96.449100607                24              1466      86.805033818                24                 0      82.164470564
     m2k14                24       0.560696869                24       0.526946894                23                 3      93.914081774                24                 0       97.61906517                23                95      89.064480223                24                 0      87.967282538
     m2k15                24       0.548782056                24       0.525360798                24             40188     101.074241585                24                 0      94.765374965                23                41      98.628794378                24                 0      99.195221315
     m2k16                24        0.53301311                24       0.592526273                24                 2      99.993256291                24                 0     110.099216378                23               173     103.370432694                24                 0     104.896986628
     m2k17                24       0.604711549                24       0.619320813                24                 3     102.561591735                24                 0      111.57411906                24              1848     110.822107019                24                 0     113.332312517
     m2k18                24       0.536201331                21       0.656521432                24                11     105.803987489                24                 0     108.076221945                23              1078      116.77796108                23                89     118.992305574
     m2k19                24       0.529316662                21       0.695963418                24                 5     110.347151051                24                 1     119.865765174                23                77     125.496477567                24               453     125.831055312
     m2k20                24       0.393879182                21        0.73567631                24              4007     134.598192102                24                 6     109.187089071                24              1421     128.581663393                24              1158     133.033608803
     m2k21                24       0.397585454                21       0.761112788                24              7191      116.82439199                24                 2     127.999435696                24               583     132.280392779                24               458     133.452444961
     m2k22                24       0.407476411                21       0.778487326                24              3047     124.097184024                24                 1     138.643421292                23                37     138.693123585                24               351      135.52850703
     m2k23                24       0.449259569                21       0.857590155                24                 0     148.208304974                24                 0     126.456458492                24               430     138.847102807                23                29     138.669798726
     m2k24                24       0.228235708                21       0.876323633                24                 1     149.905722439                24                 0     146.191542383                24               241     141.923886633                23                32     143.495468388
     m2k25                24       0.230294659                21       0.895365136                24                29       130.4064981                24                 2     135.257414886                24               149     145.861728148                24               391      145.32441401
     m2k26                24       0.582885526                21       0.875521681                24                 4      138.69441779                24                 2     162.887342738                24               473     147.036010891                24              1394     147.277532861
     m2k27                24       0.582076003                24       0.956274381                24                 2     165.957421814                24                 0     137.429016251                24               289     146.925651145                24                 0     147.592955498
     m2k28                24       0.246828084                24       0.984145927                24                 6     141.842412051                24                 0     158.745249068                24              1392     150.245095153                24                 0     156.641778831
     m2k29                24       0.259182719                24       1.022789492                24                 0     166.252052931                24                 0     158.309671738                23                38     152.818061182                24                 0     153.780725738
      m3k1                19      51.324786715                17       0.102212328                19                24      46.928657573                19                15      46.723557392                14               365      27.520719016                17                 0       27.34882424
      m3k2                25       3.156610904                22       0.150166296                24              6206      53.860641114                24              4209      51.219036384                18               348      31.459363493                23                 1      32.293383782
      m3k3                25       0.574073246                24        0.18204343                25             22722      59.990469181                25                25      59.273203709                23               198      39.627647679                24                 0      38.929962916
      m3k4                25       0.101837616                24       0.224913218                24                 7      65.633700086                25                10      62.203740138                23               504      48.897957364                24                 0      48.460830813
      m3k5                25       0.528995328                24       0.284387604                25              1127      70.710440996                25                15      71.163456671                23                37      58.173011082                24                 0      57.366601397
      m3k6                25       0.232646194                24       0.339744159                25                11      80.090595193                25                 5      82.802835729                24               179      68.025179559                25                76      68.054243069
      m3k7                25       0.206050246                24       0.381941404                25                10      77.884846058                25              1533      80.218931086                24                45      77.508139606                24                 0      76.718384814
      m3k8                25       0.162451547                24       0.384046592                25                24      82.164038224                25               138      86.951012038                25               952      90.158717473                24                 0      87.383116993
      m3k9                25       0.140812579                24       0.449751162                25                 0      94.109318288                25                 4      88.954913675                25               164      95.079746096                24                 0      95.608236044
     m3k10                25       0.197547367                24       0.508122412                25                 3      97.555075134                25                 1      92.080528259                25               353     105.150542976                25               405     104.968049912
     m3k11                25       0.197392463                24       0.564785246                25                 2     104.208498602                25                 3     105.490942765                24                46     111.262774486                25               884      111.54259047
     m3k12                25       0.150131809                25       0.597950144                25               287     111.821572898                25                 0     106.742648996                25              2097     107.391399439                25                 0     108.720293412
     m3k13                25       0.141539555                25       0.844729089                25                 0      109.89917602                25                 0     110.225070165                25               456     109.920134432                25                 0     115.844289683
     m3k14                25       0.182547211                25        0.67680665                25                 4     121.570269695                25                 0     120.473581753                25               253     121.789082353                25                 0     126.404913327
     m3k15                25       0.206521789                25       0.745548109                25                 1     137.442733803                25                 0     127.294552802                25                66     133.164447202                25                 0     134.508958813
     m3k16                25       0.263321868                25       0.804108157                25                 1     132.435345822                25                 0      134.35388883                25               627     136.089762769                25                 0     142.182813302
     m3k17                25       0.252355854                25       0.833498185                25                 1     137.025743706                25                 0     139.484886441                25               784     149.667311272                25                 0     143.539783805
     m3k18                25       0.152523337                24       0.863453613                25                 0     142.735224595                25                 0     144.117532794                25               189     155.631493213                25               270     152.926918025
     m3k19                25       0.171605869                24       0.934431681                25                 1     152.619897439                25                 2      141.83966863                25               509     152.346374153                25                17     153.657981047
     m3k20                25       0.304165715                24       0.955241427                25                 0     154.157565027                25                 2     153.432247871                25                76     161.785923972                25               968     164.608073492
     m3k21                25       0.336189644                24       1.033071219                25                 0     158.293948266                25                 0     168.265337898                25                21     172.579324275                25              1025     174.450580657
     m3k22                25       0.163432164                24       1.056758823                25                 1      166.60693361                25                 0     156.359656041                25               187     180.997511248                25               317     177.288842652
     m3k23                25       0.157631498                24       1.109143402                25                 2     165.408742173                25                 0     165.419932162                25               524     183.483739335                25               219     184.023721661
     m3k24                25       0.149544601                24       1.200403609                25                 1      184.53981167                25                 2     167.162388768                25               175     189.471651106                25               392     189.692537444
     m3k25                25       0.160358128                24       1.209391607                25                 2     184.312637488                25                 3     188.523525454                25               581     192.376758592                25               207      187.73163452
     m3k26                25       0.203177969                24       1.432948462                25                 0     178.866599313                25                 0     171.842409512                25               144     191.309175699                25                39     192.335054188
     m3k27                25       0.211860919                25       1.225589132                25                 0      181.89398551                25                 0     188.210681249                25               270     200.465259859                25                 0     201.244367328
     m3k28                25       0.118174493                25        1.26202912                25                 5     198.569950621                25                 0     206.623053123                25               477     206.307150568                25                 0     204.647788881
     m3k29                25         0.1294267                25       1.383945115                25                 0     201.821477669                25                 0     200.470290212                25               185     209.668194508                25                 0     206.033643567
      m4k1                23      26.671788731                19       0.156211946                23              1142      53.392558704                23                13      54.094744184                19               335      30.724506017                21                16      30.435687608
      m4k2                25       1.115520236                23       0.215958706                25              1028      58.468780381                25               334       56.56399756                23               378      37.453295486                23                 0      37.679783241
      m4k3                25       0.290174885                25       0.255116733                25               154      68.931324108                25                 0      70.742282412                23                54      47.975912639                25                 0       47.90530552
      m4k4                25       0.096309272                25       0.297563843                25                17      71.925524942                25                 0      74.157215702                25               205      58.011657884                25                 0      58.238534346
      m4k5                25       0.188455898                25       0.376803895                25                 1      89.869256596                25                 0      80.662140086                24               649      70.598932281                25                 0       69.24403291
      m4k6                25       0.178667355                25       0.424169771                25                18      84.956848334                25                 0      88.143528044                25               507      83.687443247                25                 0      83.571993861
      m4k7                25       0.197317436                25       0.477110218                25                 1      94.587683568                25                 0      98.699455589                25               257       94.15934881                25                 0       95.80183175
      m4k8                25       0.418542636                25       0.581676566                25                 2      99.339663081                25                 0      98.076814148                25               273     105.830052383                25                 0     107.843540221
      m4k9                25       0.245959893                25       0.586576768                25                 0     107.762196713                25                 0     109.942861857                25               171     119.825977422                25                 0     117.486059014
     m4k10                25       0.249160105                25        0.64934859                25                 0     112.920148899                25                 0      118.80104781                25                74     125.655141848                25                 0     124.159478051
     m4k11                25       0.236488784                25       0.696729067                25                 0     121.335899626                25                 0     122.118442283                25                49      135.02723417                25                 0     132.340138147
     m4k12                25       0.170847123                25       0.737428994                25                 0     123.375691949                25                 0     127.244390848                25               164     136.818537054                25                 0     141.276242344
     m4k13                25        0.17888882                25       0.796654301                25                 0     141.908832409                25                 0     138.670822647                25               704     152.576870119                25                 0     150.490000805
     m4k14                25       0.180772572                25       0.853792697                25                 0     147.563432774                25                 0     147.920367168                25                56     153.126263074                25                 0     153.176625037
     m4k15                25       0.172610122                25       0.838432378                25                 0     147.454826484                25                 0     154.113446006                25               174     164.098604057                25                 0      163.39947755
     m4k16                25       0.195865517                25       0.931220472                25                 0     156.603920217                25                 0     164.548387299                25               127     173.942171194                25                 0     172.995974494
     m4k17                25       0.181575785                25       1.018231033                25                 0     168.476129104                25                 0     163.749717853                25                38     180.790083165                25                 0     173.440025326
     m4k18                25        0.15951922                25       1.056290985                25                 2     174.216670226                25                 0     175.032764182                25                23     183.303411495                25                 0     179.766619985
     m4k19                25       0.140161588                25       1.045194757                25                 0     178.486731074                25                 0     178.517125566                25               118      181.06230347                25                 0     185.818541808
     m4k20                25       0.150861278                25       1.141047591                25                 0     180.901226601                25                 0      189.11995943                25                63     192.599160516                25                 0     200.852604834
     m4k21                25       0.161513883                25       1.235334775                25                 0      189.15022296                25                 0     183.362768675                25               110     199.839404051                25                 0     202.889960218
     m4k22                25       0.128167909                25       1.218331852                25                 0     193.867643543                25                 0     190.283794263                25               400     198.452495686                25                 0     203.390620047
     m4k23                25       0.118866985                25       1.260471163                25                 0     194.684450738                25                 0     204.558965169                25               280     217.087106406                25                 0     220.988210747
     m4k24                25       0.110947658                25       1.325416342                25                 0     200.556942831                25                 0     206.814941934                25               356     220.193137292                25                 0     219.364426465
     m4k25                25       0.116539815                25        1.43927911                25                 0     215.539052662                25                 0     213.330798941                25               126     225.551096146                25                 0     220.838569731
     m4k26                25       0.131614386                25       1.424058392                25                 0     209.853698334                25                 0     217.520780623                25               175      216.18042974                25                 0       209.2521756
     m4k27                25       0.135335109                25       1.470922505                25                 0     225.449812962                25                 0     220.375922681                25                 9     225.915622224                25                 0     220.209369842
     m4k28                25        0.12628158                25       1.456607435                25                 0     220.256724264                25                 0     216.535526086                25               160      237.22930024                25                 0     232.997512044
     m4k29                25       0.118764993                25       1.416870221                25                 0     210.411126989                25                 0      229.76657029                25                26     233.703491424                25                 0     234.063199876
      m5k1                24      64.176407042                23       0.150152505                24               321      50.136067649                24              8804      57.069818176                18               196      32.659180498                23                 0       32.41705254
      m5k2                25       0.701437529                24       0.229732007                25                20      61.057393782                25                 4      62.905361383                23               274      41.012718311                24                 0      40.851265834
      m5k3                25       0.139089798                25       0.261365174                25                17       64.28846689                25                 0      64.089592009                25               118      51.048791479                25                 0      50.337989473
      m5k4                25       0.110720915                25       0.317459747                25                 3      75.940138383                25                 0       76.10572155                25               673      64.787948638                25                 0      62.016676651
      m5k5                25        0.18708132                25       0.398026815                25                 4      85.217316336                25                 0      79.796330916                25               192      75.348591452                25                 0      75.778922523
      m5k6                25        0.14803057                25       0.455702283                25                 2      88.411818943                25                 0      88.835581061                25               212      86.650225583                25                 0      89.805025317
      m5k7                25       0.163068441                25       0.543922485                25                 1     101.172034381                25                 0     101.535173624                25                76     100.746485208                25                 0      99.816371549
      m5k8                25       0.144607257                25       0.567399742                25                 0     103.975562957                25                 0     108.314407391                25               208     115.514542836                25                 0       116.4401259
      m5k9                25       0.134736053                25       0.620571935                25                 0      111.70775924                25                 0     111.801251514                25                42     123.757239109                25                 0     124.069399974
     m5k10                25        0.14723786                25       0.677197758                25                 0     121.542649336                25                 0     121.099732906                25                11     136.361011089                25                 0     138.142090684
     m5k11                25       0.167615746                25       0.790363986                25                 0     134.904673278                25                 0     134.275088895                25                10     142.992174062                25                 0     142.075595419
     m5k12                25       0.166520927                25       0.804813168                25                 0     141.748115992                25                 0     139.878315612                25               140     151.473593798                25                 0     131.223035542
     m5k13                25       0.183602127                25        0.94640955                25                 0     158.946842604                25                 0     150.751819904                25               110     160.062995839                25                 0     137.788358997
     m5k14                25       0.211340303                25       1.077776131                25                 0      163.87285879                25                 0     156.726625923                25               188     164.290844317                25                 0     143.783952499
     m5k15                25       0.136043521                25        1.01615005                25                 0     167.036997866                25                 0     161.601791879                25                43     173.817072426                25                 0     144.463178702
     m5k16                25       0.136964586                25       1.078550449                25                 0     180.195270241                25                 0     181.175269652                25               122     182.204649265                25                 0     157.054040467
     m5k17                25       0.151343757                25       1.154966253                25                 0     195.017265924                25                 0     199.453351378                25                82     200.887534668                25                 0     165.222757467
     m5k18                25       0.149825227                25       1.182269989                25                 0     191.360119333                25                 0     196.488485819                25                 8     205.264947591                25                 0     203.063454492
     m5k19                25       0.139846673                25       1.217268382                25                 0     205.113646703                25                 0     207.793289917                25                46      206.83140848                25                 0     217.820521004
     m5k20                25       0.131654022                25       1.348597377                25                 0     212.373023798                25                 0     207.414408385                25                59     214.003147734                25                 0      216.57677096
     m5k21                25       0.125262821                25       1.360696423                25                 0     205.366695234                25                 0     217.833562821                25               350     212.893778227                25                 0     224.839194999
     m5k22                25       0.115030824                25       1.469419621                25                 0     228.269606126                25                 0     226.697608429                25                 0     229.967624427                25                 0     234.785999967
     m5k23                25       0.099702926                25       1.404392218                25                 0     229.718008584                25                 0     233.374376112                25                60     241.771412415                25                 0     237.506397562
     m5k24                25       0.109107148                25       1.467043713                25                 0     226.111301674                25                 0     233.834564888                25               166     246.275974226                25                 0     248.559942193
     m5k25                25       0.107913576                25       1.571386241                25                 0     250.774637925                25                 0     241.414745658                25               225     256.829102843                25                 0     250.156968261
     m5k26                25       0.110328191                25       1.544900898                25                 0     237.911090022                25                 0     256.585745043                25               364     264.226809008                25                 0     262.573102675
     m5k27                25       0.120095933                25       1.743719104                25                 0     263.982546801                25                 0      257.14291343                25               148     268.944468324                25                 0     208.619558204
     m5k28                25       0.102125499                25       1.574299512                25                 0      259.28871838                25                 0     263.957361052                25                95     269.149517159                25                 0     220.660652255
     m5k29                25       0.119560233                25       1.826708446                25                 0     264.674179816                25                 0      253.70996603                25               145     271.758123092                25                 0     225.763967717
      m6k1                25        1.35903224                24       0.173489541                25              6385       53.47748616                25              2447      57.700902057                23               340      34.594430393                24                 0      34.666436446
      m6k2                25        0.04310359                25       0.240048657                25                 5      63.714347227                25                 0      66.205152568                23                47      44.503572054                25                 0      43.251820529
      m6k3                25       0.060583926                25       0.296176041                25                 4      75.788629979                25                 0      72.689944383                25               285      55.317816737                25                 0      50.271596982
      m6k4                25       0.078455326                25        0.38102317                25                 0      85.987420911                25                 0      89.131473016                25                34      76.057642395                25                 0      66.342806878
      m6k5                25       0.158304288                25        0.47559237                25                 0      98.015130133                25                 0      97.511437651                25                73      91.111036204                25                 0      75.004197691
      m6k6                25       0.133593595                25       0.509808535                25                 1      97.862835846                25                 0     108.406673013                25               100     107.467686039                25                 0      94.788417027
      m6k7                25       0.169143431                25       0.622896755                25                 0     121.708023073                25                 0     118.959854271                25               194     114.382743674                25                 0     105.286717552
      m6k8                25       0.161879635                25       0.716376682                25                 0     129.585964001                25                 0     138.330380669                25                70     134.715805971                25                 0     116.820002939
      m6k9                25       0.153399691                25       1.199064461                25                 0     139.821889457                25                 0     143.101454471                25               171     149.077845779                25                 0     132.377949073
     m6k10                25       0.148846834                25       0.858595011                25                 0     160.932203973                25                 0     160.919073637                25                62     151.262189238                25                 0     135.929362394
     m6k11                25       0.130961972                25       0.875385971                25                 0     162.993140208                25                 0       166.6190173                25                20     173.728148707                25                 0     150.414246888
     m6k12                25        0.19863086                25       1.008673692                25                 0     179.105923222                25                 0     175.687180717                25               101     170.767538313                25                 0     137.538242088
     m6k13                25       0.155879044                25       1.061180703                25                 0     190.625889554                25                 0     178.000049296                25               152     187.181396767                25                 0     147.789364586
     m6k14                25       0.145212222                25       1.095246016                25                 0      190.81630563                25                 0     194.278891407                25               480     199.277645618                25                 0     151.877007639
     m6k15                25        0.16624346                25       1.248491839                25                 0     207.648927479                25                 0     206.823905108                25                61       196.9668976                25                 0     159.127762634
     m6k16                25       0.160880947                25        1.27547193                25                 0     208.278195056                25                 0      225.54468917                25                23     220.274081278                25                 0     161.293789618
     m6k17                25       0.156434003                25        1.33545121                25                 0     224.608548789                25                 0     228.740780341                25                 0     224.652333609                25                 0     165.032205762
     m6k18                25       0.139927364                25       1.328815978                25                 0     216.336414042                25                 0     220.267153616                25                81      242.69256567                25                 0     201.196586139
     m6k19                25       0.143270459                25       1.462296283                25                 0      242.86843344                25                 0     237.400985263                25                93     240.365497261                25                 0     213.821948171
     m6k20                25        0.13078744                25       1.505686323                25                 0     234.980027426                25                 0     247.412007878                25                51     246.757385115                25                 0     211.214861453
     m6k21                25       0.121922368                25       1.479435628                25                 0      247.64225872                25                 0      252.07062906                25               195     253.490874964                25                 0     213.599156879
     m6k22                25       0.104452591                25       1.487407147                25                 0      244.83135363                25                 0     250.966890178                25               104     258.785601636                25                 0     218.651915088
     m6k23                25       0.100705767                25       1.550180226                25                 0     255.457728623                25                 0     258.229638784                25               138     268.636533674                25                 0     231.016905205
     m6k24                25       0.102570996                25       1.555466983                25                 0     251.453566816                25                 0      274.51252558                25                 7     288.590273449                25                 0     237.564775199
     m6k25                25       0.098627727                25       1.683005943                25                 0     267.745701838                25                 0     281.898630381                25               131     285.100891025                25                 0     258.790864646
     m6k26                25       0.111936744                25       1.905017514                25                 0     280.657983513                25                 0     288.468013039                25               184     304.612078291                25                 0     250.828447649
     m6k27                25       0.117069729                25       1.820122096                25                 0     289.073543124                25                 0     287.719067918                25                74     286.010520346                25                 0     208.883586422
     m6k28                25       0.101994575                25       1.748123296                25                 0     280.065770707                25                 0     294.051137197                25               104      296.83044875                25                 0     219.434384434
     m6k29                25       0.108803469                25       1.955869751                25                 0     302.780926172                25                 0     294.380646758                25                28     290.695081603                25                 0      214.96281786
      m7k1                25       0.337608481                25       0.200396359                25               426      62.651546901                25                 0       70.23631182                17                79       36.43380047                25                 0      35.282315871
      m7k2                25         0.0485071                25       0.267905251                25                 3       67.70735228                25                 0        69.8480663                23                16      48.498930525                25                 0      48.398411834
      m7k3                25       0.066907401                25       0.349206591                25               265      79.948252513                25                 0      79.653850589                25                85      62.510483088                25                 0      49.596151713
      m7k4                25       0.081574205                25       0.445036407                25                 0      94.385104793                25                 0      90.486448191                25               213      76.437698783                25                 0        59.8044168
      m7k5                25       0.133270833                25       0.497361331                25                 0      97.574328946                25                 0       103.4036497                25               244      97.520914028                25                 0      74.801983985
      m7k6                25       0.138410496                25       0.596323673                25                 0     113.544370737                25                 0     115.053591636                25               176     112.387823527                25                 0      86.848033468
      m7k7                25       0.128917438                25       0.664062589                25                 0     128.010039841                25                 0     130.212092707                25               167     127.961935736                25                 0      98.399631163
      m7k8                25       0.128861633                25       0.731230198                25                 0     142.035819826                25                 0     142.403931546                25               311     147.620683416                25                 0     109.757129756
      m7k9                25       0.120435653                25       0.772123235                25                 0     141.572724871                25                 0     150.818416875                25               172        151.166085                25                 0     115.958608397
     m7k10                25        0.12582682                25       0.858471079                25                 0     155.118296149                25                 0     153.973480541                25               128     164.881899063                25                 0     131.486004857
     m7k11                25       0.135166088                25       0.995784235                25                 0     170.992747497                25                 0     171.815787767                25                83     172.587363477                25                 0      147.52433438
     m7k12                25       0.119433894                25       0.969372769                25                 0     185.381470841                25                 0     180.510273059                25                79     187.809902274                25                 0      124.93516233
     m7k13                25       0.126306937                25       1.095075311                25                 0     190.646277607                25                 0      195.36382005                25                28     190.313489302                25                 0     126.882206192
     m7k14                25       0.123279959                25       1.126596069                25                 0     212.424086403                25                 0     211.102842718                25                66     215.920983555                25                 0     138.641332255
     m7k15                25        0.12956036                25       1.286011754                25                 0      216.12543721                25                 0     227.286388225                25                87     224.188415827                25                 0     145.843937252
     m7k16                25       0.128285342                25       1.299618771                25                 0     230.446469165                25                 0     224.322300937                25                24     234.448295078                25                 0     147.563853353
     m7k17                25       0.132365227                25       1.440342639                25                 0     237.933675111                25                 0     239.461366609                25               417     244.070825696                25                 0     156.276378364
     m7k18                25       0.130021236                25       1.385538882                25                 0     250.461003674                25                 0     254.859345406                25                33     249.494493695                25                 0     197.274779911
     m7k19                25       0.122245564                25       1.522023293                25                 0     262.354818427                25                 0     252.064350233                25                 7     269.364562602                25                 0     197.130030794
     m7k20                25       0.121699473                25       1.589737174                25                 0      276.85039934                25                 0     266.630951164                25                34     273.233831524                25                 0     197.006338758
     m7k21                25       0.125252978                25       1.621593882                25                 0     281.603811185                25                 0     274.387698882                25               145     278.918889783                25                 0     209.369668061
     m7k22                25        0.09790448                25       1.610700486                25                 0     286.573473989                25                 0     298.975457331                25                 9     307.373318706                25                 0     229.409251779
     m7k23                25       0.107897545                25       1.803709732                25                 0      297.94407689                25                 0     293.619204856                25                25     295.224001622                25                 0     226.042499814
     m7k24                25       0.107985922                25       1.934460766                25                 0     309.518748072                25                 0       302.9932725                25                 5     312.706308843                25                 0     233.834021983
     m7k25                25       0.103107779                25       1.866072158                25                 0     306.718688712                25                 0     329.107287949                25                11     338.261493295                25                 0     245.129413016
     m7k26                25       0.101611874                25        1.97749156                25                 0     299.857411747                25                 0     309.851178029                25                66     328.093624413                25                 0     248.110548627
     m7k27                25       0.104015378                25       2.075164752                25                 0     332.646818969                25                 0     339.252120904                25               242     334.727906517                25                 0     209.242369608
     m7k28                25       0.107560042                25       2.089305722                25                 0     332.226496078                25                 0     338.074028482                25                70     348.147468443                25                 0     222.468613924
     m7k29                25       0.117197526                25       2.153930405                25                 0     333.081810407                25                 0     336.566060391                25                65     335.019323769                25                 0     215.964641908
      m8k1                25       0.093752301                25       0.214301419                25                45      60.742472243                25                 0      62.028197058                20                70      40.014708258                25                 0      39.813329117
      m8k2                25       0.044318141                25        0.32651974                25                 3      76.954396391                25                 0      82.212282772                24                70      56.798767639                25                 0      50.408387734
      m8k3                25       0.068771974                25        0.38903438                25                 0      88.152573352                25                 0      83.611189063                25               705       67.03396325                25                 0      49.322497749
      m8k4                25       0.078334111                25        0.49435099                25                 0      95.204112664                25                 0      96.271222183                25               202      81.710866846                25                 0      58.791120264
      m8k5                25        0.12134209                25       0.535827076                25                 0     107.388757177                25                 0     117.280040456                25                67     103.729305692                25                 0       74.14889513
      m8k6                25       0.132941152                25       0.665089655                25                 0     126.979576629                25                 0     124.952308501                25                 8     119.682633176                25                 0       84.19205296
      m8k7                25       0.125488176                25       0.731217359                25                 0     136.155047097                25                 0     140.742452564                25               124     141.105638634                25                 0      96.509519384
      m8k8                25       0.159058692                25       0.829033845                25                 0      145.48500976                25                 0      156.16249534                25                 2     157.259415447                25                 0      111.14138753
      m8k9                25        0.12958226                25       0.909723691                25                 0     157.734781182                25                 0     153.410473697                25                29     155.956875296                25                 0     109.958600758
     m8k10                25       0.116465225                25       0.880446169                25                 0     168.018289076                25                 0     174.989285237                25               158     179.721817931                25                 0     125.972986827
     m8k11                25       0.124081898                25       1.020651675                25                 0     187.324177089                25                 0     197.505780063                25                24     192.257518838                25                 0     135.609325503
     m8k12                25       0.125446155                25       1.113928756                25                 0     201.545723415                25                 0     206.076395975                25                 0     215.563767588                25                 0     127.948376508
     m8k13                25       0.128303054                25       1.241197613                25                 0     213.169413023                25                 0     215.538018571                25                39     232.094985289                25                 0     136.018955928
     m8k14                25       0.141939995                25       1.304973159                25                 0     232.090925013                25                 0     231.973403272                25                 0     256.168970682                25                 0     147.833954853
     m8k15                25       0.139328522                25       1.553889643                25                 0     265.731111712                25                 0     274.641439312                25                75     283.203284845                25                 0     165.024764368
     m8k16                25       0.150699171                25       1.614866911                25                 0     292.265255471                25                 0     292.046609356                25                76     300.078018339                25                 0     173.320927986
     m8k17                25       0.184205075                25       1.796274042                25                 0     302.881365621                25                 0     306.059184329                25                 0     311.615839405                25                 0     182.203302571
     m8k18                25       0.167731681                25       1.837915079                25                 0     319.053134017                25                 0     315.311606211                25                 1     322.093014802                25                 0      224.45444674
     m8k19                25       0.172605514                25        2.20110114                25                 0     334.748179615                25                 0     329.847329634                25                 0     337.568509454                25                 0     229.110647277
     m8k20                25       0.152921408                25       2.006995952                25                 0     344.669930412                25                 0     351.525014681                25                92     354.839044919                25                 0     238.446546667
     m8k21                25       0.173156219                25       2.083433713                25                 0     363.277865391                25                 0      353.28600773                25                12     364.952607705                25                 0     250.569450479
     m8k22                25       0.116486932                25       2.166662401                25                 0     371.037285767                25                 0     369.092818161                25                 0     382.070094687                25                 0     261.886886181
     m8k23                25       0.127979133                25       2.344236718                25                 0       381.5485815                25                 0     382.492287239                25                34     390.036061528                25                 0     269.576528179
     m8k24                25       0.126682187                25       2.372436114                25                 0      392.20682189                25                 0     391.716824513                25                 0     403.173290629                25                 0     276.020485879
     m8k25                25        0.11778998                25       2.473379824                25                 0     403.811810842                25                 0     401.318154042                25                 6     409.995499011                25                 0     280.412466542
     m8k26                25       0.128172103                25        2.55816118                25                 0     407.534144614                25                 0     411.644167233                25                78     418.508687041                25                 0     286.728924443
     m8k27                25       0.123155762                25       2.585805646                25                 0     420.263049634                25                 0     419.154032065                25               123     428.192817743                25                 0     250.335398169
     m8k28                25       0.130970288                25       2.682685832                25                 0     420.804521002                25                 0     422.716828487                25                84     437.862524282                25                 0     254.430437144
     m8k29                25       0.131640619                25       2.817885435                25                 0     435.401423986                25                 0     435.956155458                25                 0     445.789628247                25                 0     256.699840309
      m9k1                25       0.063594602                25       0.275925303                25                 7      77.693758993                25                 0      71.766584891                23               152      48.879273156                25                 0      44.840146892
      m9k2                25        0.05280469                25       0.392678353                25                 2      90.594675142                25                 0      92.321266156                24               218      65.852914805                25                 0      54.993094682
      m9k3                25       0.080341711                25       0.492239723                25                 0     107.339481824                25                 0     105.367714008                25               836      83.719825479                25                 0      53.856374548
      m9k4                25       0.091528981                25       0.590937085                25                 0     119.464635374                25                 0     125.402229114                25               447     104.818963116                25                 0      67.147321812
      m9k5                25       0.166795897                25       0.693652123                25                 0     142.163856109                25                 0     146.930470114                25                46      128.67396632                25                 0      82.303375928
      m9k6                25        0.17241053                25       0.803497977                25                 0     160.672381456                25                 0     159.211030672                25                69     148.799958234                25                 0      97.988666948
      m9k7                25       0.174091684                25        0.93668319                25                 0     167.897962484                25                 0     172.181620906                25               187     168.596267844                25                 0      109.18634991
      m9k8                25       0.136896525                25       0.943954982                25                 0     186.876064072                25                 0     190.322160618                25               123      189.13361029                25                 0     125.475179825
      m9k9                25       0.162295655                25        1.09532723                25                 0     206.377614231                25                 0     205.900377183                25                40      212.73426852                25                 0     133.821642227
     m9k10                25       0.165392434                25       1.219178845                25                 0     227.152742211                25                 0     222.250341869                25                48     229.622475374                25                 0     146.977465516
     m9k11                25       0.182695858                25       1.353067238                25                 0     240.970145109                25                 0     238.337364141                25                 0     248.915674226                25                 0     157.020996127
     m9k12                25        0.16950095                25       1.448029741                25                 0     251.023272756                25                 0     254.849178717                25                31     261.454560267                25                 0     141.068853133
     m9k13                25       0.159990477                25       1.561808995                25                 0     269.207072497                25                 0     275.555587784                25                12     273.801893558                25                 0     150.755435369
     m9k14                25       0.162564388                25       1.655287941                25                 0     287.994686375                25                 0     287.743928861                25                81     288.210288146                25                 0     158.498560615
     m9k15                25       0.136729373                25       1.627034828                25                 0     300.731655323                25                 0     303.235481992                25               291     312.796619888                25                 0     164.366079838
     m9k16                25       0.142671682                25       1.764115728                25                 0     320.971550314                25                 0     327.087598438                25                20     324.367086855                25                 0     174.736089476
     m9k17                25       0.182714896                25       1.983917592                25                 0     334.776426466                25                 0     339.259275845                25                 1     344.540111147                25                 0     175.262637609
     m9k18                25       0.146942897                25       1.998908222                25                 0     353.319271194                25                 0     357.013374518                25                 0     361.042941936                25                 0     225.386601274
     m9k19                25       0.161981843                25       2.106608767                25                 0     372.981793335                25                 0     373.603668534                25                32     377.610227407                25                 0     231.026918162
     m9k20                25       0.133869943                25       2.175855401                25                 0     382.363496393                25                 0     376.980895871                25                 7      387.77311802                25                 0      237.92339719
     m9k21                25       0.142331032                25       2.206774898                25                 0      391.27522497                25                 0     402.461843344                25                65     400.217572159                25                 0      247.76080518
     m9k22                25        0.11541708                25       2.869308434                25                 0      395.34185186                25                 0     410.352848367                25                 4      412.71953265                25                 0     259.932872932
     m9k23                25       0.115894794                25        2.48597898                25                 0     418.140417147                25                 0      415.12339956                25                21     428.320671805                25                 0     270.192063929
     m9k24                25       0.122169022                25       2.619191342                25                 0     428.937321885                25                 0     425.477636579                25                 0     443.334388321                25                 0     282.009301364
     m9k25                25       0.113405993                25       2.545353052                25                 0     430.569828406                25                 0     453.254219513                25                36     451.929745972                25                 0     277.877623123
     m9k26                25       0.116772432                25       2.661184033                25                 0     448.243752342                25                 0     454.191726462                25                26     456.915907848                25                 0     284.524418625
     m9k27                25       0.114257246                25       2.698497428                25                 0     452.179016314                25                 0     461.728924967                25                16      468.65967219                25                 0     247.092893385
     m9k28                25       0.118122259                25       2.894386426                25                 0     469.878229842                25                 0     469.628784267                25                 0     479.027925144                25                 0     244.671252365
     m9k29                25       0.124780605                25       2.953655835                25                 0      476.75401995                25                 0     480.583409618                25                40     493.572779046                25                 0     257.350257331
     m10k1                25       0.067431032                25       0.313301873                25                14       74.42437912                25                 0      75.813181484                21                54      52.568138361                25                 0      44.062734034
     m10k2                25       0.053154603                25       0.439777553                25                 0      92.660126506                25                 0      96.368513126                25               864      69.835656728                25                 0      53.153147677
     m10k3                25       0.078939584                25       0.711957077                25                 0     109.378826619                25                 0     114.486941877                25                63      90.259882828                25                 0      54.354083485
     m10k4                25       0.089097547                25       0.647369202                25                 0     130.959953016                25                 0     132.981514418                25                86     112.254058915                25                 0      65.816353215
     m10k5                25       0.151703227                25       0.735560519                25                 0     152.130801609                25                 0     150.501451154                25                40     141.388501549                25                 0      82.282088532
     m10k6                25       0.151489439                25       0.826678576                25                 0     167.297871934                25                 0     165.779753868                25                48     161.941543657                25                 0      95.703875776
     m10k7                25       0.166140945                25       0.981991126                25                 0     181.099096742                25                 0     179.208600587                25                38     179.189217084                25                 0     107.894991659
     m10k8                25       0.141823103                25       1.045503406                25                 0     188.108989967                25                 0     211.143444994                25                 0     211.081967886                25                 0      127.20150062
     m10k9                25       0.161507988                25       1.803113237                25                 0     226.608007656                25                 0     221.809722678                25               206     226.857629808                25                 0     133.302210863
    m10k10                25       0.136232503                25       1.247081267                25                 0     237.899844296                25                 0     245.214431886                25                37     250.179259721                25                 0     141.547817527
    m10k11                25       0.172110211                25       1.469060201                25                 0     256.965861167                25                 0     260.492369237                25                58     267.427187721                25                 0     156.113039666
    m10k12                25       0.153090137                25       1.559835982                25                 0     275.691578893                25                 0     287.340575777                25                16     287.365328413                25                 0     143.785812809
    m10k13                25        0.16278547                25       1.710100408                25                 0     297.148704885                25                 0     298.642835646                25                97      301.01790095                25                 0     153.690622311
    m10k14                25       0.164484985                25       1.736739381                25                 0     307.163535788                25                 0     317.508740725                25                 1     319.969041467                25                 0     156.446626772
    m10k15                25       0.166934159                25       1.965156382                25                 0     326.350373339                25                 0     329.054038057                25                48      325.06828243                25                 0     159.860481535
    m10k16                25       0.142814501                25       1.999738956                25                 0      341.30598673                25                 0     343.658924639                25                 0     356.872288287                25                 0     172.702706208
    m10k17                25       0.174374762                25       2.188057141                25                 0     367.314323252                25                 0      369.67327277                25               151     375.712267294                25                 0      180.28548412
    m10k18                25        0.16580332                25       2.162132941                25                 0     383.670968268                25                 0     378.432107992                25                20     391.413352465                25                 0     224.764772297
    m10k19                25       0.147776718                25       2.179520382                25                 0     405.543258686                25                 0     396.026810474                25                 0     404.127395298                25                 0     227.888275918
    m10k20                25       0.139848706                25       2.357244667                25                 0     407.747243307                25                 0     418.235626544                25                 0     425.216513348                25                 0     241.158676894
    m10k21                25       0.137052938                25        2.39397284                25                 0     423.977898771                25                 0     429.458818624                25               112     443.586942225                25                 0     250.478108313
    m10k22                25       0.110297761                25       2.444208546                25                 0     439.665334212                25                 0     449.861042771                25                90     452.376040454                25                 0     255.119622878
    m10k23                25       0.121848857                25       2.732880585                25                 0     462.746405494                25                 0     458.353653142                25               238     470.482765746                25                 0     264.088224857
    m10k24                25       0.123075609                25       2.875178248                25                 0      469.11130235                25                 0      469.73572393                25                 2     465.880980944                25                 0     269.428808198
    m10k25                25       0.116081169                25       2.864507056                25                 0     475.378812903                25                 0     483.237164171                25               244     494.596959173                25                 0     279.602385573
    m10k26                25       0.116544356                25       2.968285448                25                 0     489.841833724                25                 0     498.456845993                25                39     503.982928556                25                 0     288.729328069
    m10k27                25       0.132840371                25       3.381601559                25                 0      498.80164611                25                 0     495.780983323                25                22     517.757486825                25                 0     248.850935064
    m10k28                25       0.125941307                25       3.173465761                25                 0     508.555661207                25                 0     518.438970564                25                23     523.423248573                25                 0     254.277155413
    m10k29                25        0.12441681                25       3.921653987                25                 0     523.459371574                25                 0      514.05089654                25                 5     539.442692596                25                 0     251.746280908
     m11k1                25       0.043461266                25       0.343461976                25                81      81.718472773                25                 0      81.250059432                21                65      56.100374141                25                 0      44.313311864
     m11k2                25       0.051176619                25       0.486021052                25                 2     102.723549912                25                 0     100.539779091                25               187      74.384656814                25                 0      54.029243406
     m11k3                25       0.076213868                25       0.557482022                25                 0     123.253801872                25                 0     124.802975596                24                50      98.799906231                25                 0      53.165932203
     m11k4                25        0.08864238                25       0.688758564                25                 0     141.998572961                25                 0     142.846446277                25               724     121.324370216                25                 0      67.475645062
     m11k5                25       0.150321674                25       1.244477963                25                 0     163.732556667                25                 0     165.779905873                25               465     150.182025647                25                 0      82.412093838
     m11k6                25       0.175687896                25        0.96868437                25                 0     179.916029524                25                 0     188.485097322                25               200     175.020148109                25                 0      95.845752964
     m11k7                25       0.165802114                25        1.09265234                25                 0     200.735594097                25                 0     192.075527893                25                36     200.202200617                25                 0     110.843448885
     m11k8                25       0.190513903                25       1.273374201                25                 0     220.565871058                25                 0     223.054856647                25                 0     224.688259864                25                 0      124.46368137
     m11k9                25       0.156922707                25        1.37154135                25                 0     241.646634776                25                 0     237.466681825                25                97     244.764528526                25                 0     134.767819456
    m11k10                25       0.174941731                25        1.46133648                25                 0     258.496093823                25                 0     260.452905293                25                 0     262.153801679                25                 0     145.281824084
    m11k11                25       0.149637597                25       1.538101196                25                 0     283.190689679                25                 0     286.064952268                25                22     290.935571263                25                 0     158.347637909
    m11k12                25        0.18010025                25       1.729491573                25                 0     298.586167648                25                 0     302.058659181                25                 0     313.146830781                25                 0      140.21226195
    m11k13                25       0.177709628                25       1.855337828                25                 0     319.138651452                25                 0     318.476914717                25                24     332.509724439                25                 0     153.531171798
    m11k14                25       0.150495658                25       1.924923551                25                 0     335.145739864                25                 0     342.653499052                25               109     346.457922597                25                 0     155.474557963
    m11k15                25       0.163474301                25       2.090016583                25                 0     366.094422547                25                 0      364.83990883                25                41      370.75154563                25                 0     166.237604729
    m11k16                25       0.149393789                25       2.125146488                25                 0     379.937848837                25                 0     381.479379327                25                 0     385.307714703                25                 0     168.485308426
    m11k17                25       0.169392195                25       2.347508563                25                 0     391.662388031                25                 0      403.66266535                25                28     399.353786959                25                 0     178.926745071
    m11k18                25       0.152427333                25       2.317332082                25                 0     406.063065675                25                 0     409.163685831                25                59     425.896983761                25                 0     225.981437746
    m11k19                25       0.160995269                25       2.533383403                25                 0     430.264346395                25                 0     421.361918511                25                23     441.628284401                25                 0     227.836885945
    m11k20                25       0.149058814                25       2.596803247                25                 0     437.751807504                25                 0     449.640242377                25                49     464.121402072                25                 0     234.240136974
    m11k21                25       0.135522747                25       2.630026773                25                 0     467.055033946                25                 0     466.312922253                25                 0     467.611990921                25                 0     242.880572986
    m11k22                25        0.11675267                25       2.655222537                25                 0     482.818354035                25                 0     468.084047171                25                24     498.324169207                25                 0     257.110423072
    m11k23                25       0.121689794                25       2.980043219                25                 0     485.192355852                25                 0     494.977987893                25                 0     515.199286648                25                 0     259.486672832
    m11k24                25       0.114817118                25       3.155195689                25                 0     503.147186341                25                 0     505.771296225                25               299     531.570249674                25                 0     265.977369869
    m11k25                25       0.118250337                25       3.013506521                25                 0     498.976476317                25                 0     513.482444867                25                 0     539.109574041                25                 0     284.493862734
    m11k26                25       0.129266557                25        3.35206439                25                 0     521.212041141                25                 0     509.326031508                25                 0      547.96133705                25                 0     286.527722078
    m11k27                25        0.12224722                25         3.3351826                25                 0     538.588994243                25                 0      546.72754845                25                30     562.521123735                25                 0     237.537027826
    m11k28                25       0.132400292                25       3.449836874                25                 0     549.408278371                25                 0     536.208381798                25               142     570.377700819                25                 0     241.973686265
    m11k29                25       0.131355536                25       3.650407583                25                 0     558.480864573                25                 0     546.757131729                25                46     572.947340506                25                 0     244.694396258
     m12k1                25       0.044872147                25        0.36623357                25                 9      82.074509459                25                 0      85.642672974                23                30      58.637730863                25                 0       43.12958464
     m12k2                25       0.048536426                25       0.516117602                25                 1     105.344050308                25                 0     109.422175469                25                42      74.502438713                25                 0       50.18032789
     m12k3                25       0.072807829                25       0.591366419                25                 0     126.377535487                25                 0     133.125238351                25               335     105.229687138                25                 0      54.773547397
     m12k4                25        0.08350599                25       0.723854895                25                 0     147.733122954                25                 0     146.786385911                25                33     134.625556209                25                 0      67.003465111
     m12k5                25       0.163017041                25       0.925615728                25                 0     171.010681479                25                 0     171.927098391                25                 4     163.044165503                25                 0      82.008549051
     m12k6                25       0.172812312                25       1.049582116                25                 0     199.599328616                25                 0     196.736956886                25                 0     190.646099715                25                 0      95.516839779
     m12k7                25       0.163015548                25       1.146741645                25                 0      215.91355342                25                 0     222.150922685                25                 0     216.250772133                25                 0     111.761219648
     m12k8                25       0.205918212                25       1.319063315                25                 0     239.777972372                25                 0     236.079824122                25                80     243.294865661                25                 0     124.057570517
     m12k9                25       0.135791041                25       1.374873543                25                 0     261.183372602                25                 0     250.185733962                25                98     265.850537164                25                 0     134.169768336
    m12k10                25       0.170410205                25       1.556677584                25                 0     280.574089743                25                 0     280.554871707                25                66     290.984674549                25                 0     143.780247758
    m12k11                25       0.168135831                25       1.726593689                25                 0     312.689938042                25                 0     306.246496162                25                70     306.535311727                25                 0     150.983078097
    m12k12                25        0.14198886                25       1.737568867                25                 0     323.794091865                25                 0     324.411269881                25                 0     332.839597203                25                 0      139.70471116
    m12k13                25       0.148393512                25       1.892619642                25                 0     335.280412574                25                 0      338.93317114                25                 0     356.996437545                25                 0     151.743435861
