       m k           Optimal   Optimal runtime            Greedy    Greedy runtime                GA     GA evaluation        GA runtime              GAPI   GAPI evaluation      GAPI runtime                SA     SA evaluation        SA runtime              SAPI   SAPI evaluation      SAPI runtime
     m11k1                 x                 x                30        0.17773366                30               633       60.49391588                30                 0      58.889037309                16                56      46.755440265                30                 0      45.026185669
     m11k2                 x                 x                44       0.140470475                47             14808      76.639321151                47                40      80.566111984                31               509      59.575674153                44                 0      63.362419785
     m11k3                 x                 x                50       0.190040585                56              3992      92.059987323                58             14667      89.671328674                38               358      82.409424818                51                 6      84.547407363
     m11k4                 x                 x                54       0.171692187                62              3277     103.187539458                63             23038     100.980246604                48               108     102.143820274                54                 0     102.911010668
     m11k5                 x                 x                62       0.186129884                65              9476     106.131073182                66              2260      111.26392053                53               350     119.163416609                62                 0     121.944352534
     m11k6                 x                 x                60       0.228844416                65               510     117.974646101                66               184      126.89983013                53               725     142.385245863                60                 0       139.0231837
     m11k7                 x                 x                61       0.245650052                66             10112     134.895825092                66               394     135.391038446                56               223     157.279114015                61                 0     155.939883503
     m11k8                 x                 x                61       0.288482485                66              9513     135.844545093                66               176     135.584279768                56               571     177.312354465                61                 0     173.039727891
     m11k9                 x                 x                60       0.312009656                66              2715     144.853790735                66                21     147.394536829                60               420     193.300801026                60                 0     200.571419493
    m11k10                 x                 x                60       0.356083482                66               686     157.014961877                66                11      154.69555355                60              1144     213.275533805                63               515     211.960149057
    m11k11                 x                 x                60       0.385717983                66               216      163.26021358                66                33     159.408389443                61               560     229.221292313                61               102     227.839373365
    m11k12                 x                 x                60       0.396089426                66              1391      175.25303412                66                11     168.467902709                62               957     243.145723184                63               966     243.238952259
    m11k13                 x                 x                56       0.395222159                66               204     181.105301818                66              7855     179.716392267                61              4284      263.46528197                61              2613     259.892802495
    m11k14                 x                 x                56       0.456013043                66                11     195.567809417                66              2777     194.744800349                61               520     273.540365575                61              2236      272.38768779
    m11k15                 x                 x                56       0.467042881                66                28     208.819636268                66                18     194.599735563                62              1580     291.117938967                63               123      282.77057889
    m11k16                 x                 x                56        0.52573893                66              6060     215.135443205                66               259     207.648813534                65               559     312.019608621                61               949     304.791130998
    m11k17                 x                 x                56       0.528544695                66                43     219.372746686                66                 9     213.869983592                64               646     318.156850755                62              2398     307.927949495
    m11k18                 x                 x                57       0.541561161                66              1850      229.85967163                66                12     214.518471733                63               185     337.296767772                63               515     323.249946861
    m11k19                 x                 x                57       0.557406363                66                13     237.654667225                66                12     232.462728052                64               692     342.954438304                63               880     327.833494608
    m11k20                 x                 x                57       0.610592812                66                67     243.548464387                66                46     247.636922602                64               362     367.141240977                62              6646      352.33922901
     m12k1                 x                 x                32       0.085907546                32               434      64.327444419                32                 0      61.283356477                20                27      48.598692377                32                 0      48.272427311
     m12k2                 x                 x                46       0.107408276                50             24613      91.843860108                50                59      84.706679105                34                63      66.913065716                46                 0      68.296835967
     m12k3                 x                 x                52       0.142132095                60              1468        94.5285422                60             25474      97.192107767                40                78      88.652575861                52                 0      90.112320657
     m12k4                 x                 x                56       0.172414008                66             14514     103.668911395                66             19420     107.840506137                51               529     108.469123373                56                 0     107.163904352
     m12k5                 x                 x                64       0.214004183                67               139     117.086744696                67              8347     113.375521691                52               197     130.732358544                64                 0      127.85885738
     m12k6                 x                 x                63       0.242292693                66               327     120.685305276                68              6168      126.80421148                57               412     151.830321907                63                 0     150.088756763
     m12k7                 x                 x                64       0.261525388                68              1609     134.188383017                68               868     135.390112645                59              1639     169.846188011                64                 0      169.89254944
     m12k8                 x                 x                63       0.308291505                67              4500     149.248571963                68                76      146.12992197                60               463     184.701927044                63                 0     180.800083677
     m12k9                 x                 x                64       0.342775485                68             12609     154.646615513                68                 6     154.297518979                62               416     203.915235884                65                17     203.708288896
    m12k10                 x                 x                64       0.351919472                67                78     166.298380402                68                10     165.065990054                63              2267     225.795457623                64                 0     227.578785634
    m12k11                 x                 x                64       0.381164675                68             24007      173.57032593                68                 7      176.52891662                65               915     240.546048215                64                 0      240.97441933
    m12k12                 x                 x                64       0.414220773                68             11306     183.068104409                68                 7     180.088937456                65              1886     262.611075358                64                 0     261.968194305
    m12k13                 x                 x                60        0.42948776                68                76     195.879696622                68                11     197.431825538                64            136239     286.160008346                63               857     279.604647022
    m12k14                 x                 x                60       0.473481135                68               248     203.656309949                68                93     203.991240185                65               356     297.008218208                64               122     294.240834532
    m12k15                 x                 x                60        0.48567481                68                17     213.074344569                68                21     214.314624493                66              1074      325.49986666                66               312     320.139238789
    m12k16                 x                 x                60       0.523944301                68                20     229.687443512                68                14     223.457271872                65              1002     346.974839576                64              1457     339.287341836
    m12k17                 x                 x                60       0.552699416                68                28     234.693483818                68                51      240.01271918                66               573     371.381707472                64            132685     347.273481433
    m12k18                 x                 x                60       0.585640547                68                17     254.584760041                68                10     249.053434053                67              1678     376.650603116                66               975     358.588605509
    m12k19                 x                 x                60       0.606102323                68                17     258.021255701                68                 7     247.922392865                67              1858     382.554172064                64               731     360.807069591
    m12k20                 x                 x                60       0.644408582                68                15     268.147808008                68                10     252.478408814                67               114     399.374958208                66              2443     372.149792641
     m13k1                 x                 x                34       0.082051396                33               113      64.467980723                34                 0      67.369324635                21               282      52.358859239                34                 0      53.586736447
     m13k2                 x                 x                47       0.116394617                52              7379       93.56092668                53               135      95.585683306                37               208      71.746901545                47                 0      74.925634708
     m13k3                 x                 x                54       0.150955483                64             22546      96.000760706                65             30969     105.493823639                42               418      98.960347352                54                 0      95.322992106
     m13k4                 x                 x                58       0.181677441                68               996     121.431442731                68             23006     116.381084977                49                99     121.817520428                58                 0     120.653578309
     m13k5                 x                 x                65       0.225311404                70              2106     125.861334359                70              5538     128.360621442                55               138     133.820458687                65                 0     139.558610054
     m13k6                 x                 x                65        0.25914001                69               786     133.223901654                70             19437     137.171416676                60               527     159.441344381                65                 0      166.96963489
     m13k7                 x                 x                66       0.286090548                70               986     148.826376829                70               367      149.06454827                62               387     183.487777122                66                 0      183.10754952
     m13k8                 x                 x                66       0.320956761                69              8947     150.457043921                70              1090     158.296034645                63               357     202.591933861                66                 0     204.848319038
     m13k9                 x                 x                65       0.348163065                69             11946     167.207147161                70              2830     165.781095944                61               282     222.706746893                65                 0     223.626668884
    m13k10                 x                 x                66       0.370594161                70               171     176.700635653                70                 9     177.807544864                64              1264     242.939456577                67               915      243.01800425
    m13k11                 x                 x                66       0.390245374                70               359     184.368035132                70                 8     184.850766444                64              1469     267.079180774                66                 0     265.443043624
    m13k12                 x                 x                66       0.438492989                70                26      194.71453109                70                23     193.622733232                66               841     282.867501464                66                 0     284.651973486
    m13k13                 x                 x                64       0.461233709                70               464     204.073410525                70                 8     207.856274845                66             30332      305.28033673                66                 2     300.499241697
    m13k14                 x                 x                64       0.497629091                70                69     217.155291339                70                15     225.226309445                67              1018     325.094598851                66               276      317.89538305
    m13k15                 x                 x                64       0.534219382                70             10528     227.090461248                70                14     227.014642881                67              1404     338.255729684                66              1307     336.023579142
    m13k16                 x                 x                64       0.531023072                70              2986     233.169251927                70             23522     226.769646139                67              1330     358.558632337                69               214     344.257607197
    m13k17                 x                 x                64       0.557580415                70                20      244.08412952                70                13     252.068471672                67              7090     377.943191494                66                82     354.543143802
    m13k18                 x                 x                64       0.562621471                70                20     247.486695322                70                18     244.436388202                68            231635     384.520764495                66               119     361.925467152
    m13k19                 x                 x                64       0.645183376                70                68     262.423689143                70                11     251.994172628                69              1920     405.276516364                66                16        364.707128
    m13k20                 x                 x                64       0.635456413                70                71     272.401179545                70                34     255.043219033                69            112101     420.418462337                67              1858     382.883776614
     m14k1                 x                 x                36       0.087439351                35              1379      66.703153065                36                 0      68.482506433                24                91      54.111569345                36                 0      51.883155616
     m14k2                 x                 x                50       0.111444239                55              9151      90.051266649                56              1674      84.008904106                35               161       76.47267342                50                 0      76.654957911
     m14k3                 x                 x                57       0.153196347                67              1500     100.958911735                67              3865      99.862145957                45               251     101.345748871                57                 0     102.634882248
     m14k4                 x                 x                61       0.197728115                68             48430     116.429841911                71             18961     123.186670419                50               306      128.78169471                61                 0     121.261814244
     m14k5                 x                 x                67       0.206954817                71             10201     114.938854566                71                86     123.352469261                55               346     144.860236712                68                23     139.257466449
     m14k6                 x                 x                67       0.263803533                71              9328     139.217831323                71               132      135.91834239                61               930     166.858866852                67                 0     169.648039746
     m14k7                 x                 x                67       0.296359751                71               473     151.412188908                71              1886     148.290413893                61               404     188.917127295                67                 0     188.324933789
     m14k8                 x                 x                68        0.34716656                71                40     154.754524809                71                 8     160.425108595                65               350     206.772934161                68                 0     212.551098169
     m14k9                 x                 x                67       0.332863914                71               465     172.640904199                71                 5     170.628125167                64               863     225.686560079                67                 0     221.741584951
    m14k10                 x                 x                67       0.355200268                71               261     174.222556095                71                12     180.151409617                66               291     255.934243315                67                 0     256.245067388
    m14k11                 x                 x                67       0.424986042                71              1119     193.420271001                71                 7     189.034403986                66               977     268.023284646                68                 8     279.676899636
    m14k12                 x                 x                67        0.74206275                71             14316      201.39195867                71                15     203.415612462                67               667     295.491326814                67                 0     290.617613477
    m14k13                 x                 x                66       0.410850062                71                38     214.354142033                71                23     221.525465306                70               868     317.815141571                67              3107     319.028562228
    m14k14                 x                 x                66       0.507825848                71                16     229.233135817                71                10     219.421173611                68               880     345.632202667                67                84     338.135629035
    m14k15                 x                 x                66       0.528727236                71                14     239.842089041                71                10     238.586624005                68              1141     349.298006728                67                11     352.788385759
    m14k16                 x                 x                66       0.574134479                71                29     251.946262998                71                14     247.691385397                69              2206      377.78126661                68               549     358.201861642
    m14k17                 x                 x                66       0.602592855                71                21     248.928966868                71                 3     254.887539186                69            151569     393.934698167                69               752     369.713316226
    m14k18                 x                 x                66       0.607135365                71                18     261.152744534                71                16     269.534925938                70            122940     415.197962497                68             91227     372.268021698
    m14k19                 x                 x                66        0.65129887                71                19     278.373286297                71                 9     250.591868757                70            610620     429.939273572                68               633     387.535634278
    m14k20                 x                 x                66       0.699201173                71                69     290.193652808                71                 9       282.4913434                71            495290     430.132622156                69             93518     390.592485872
     m15k1                 x                 x                38       0.095742017                38               498      72.772076506                38                 0      71.766284036                20                53      57.141149571                38                 0      57.624237195
     m15k2                 x                 x                52       0.122020835                58             43383      97.025668034                59              2463      92.783807958                39               165      79.688440227                52                 0      79.167378494
     m15k3                 x                 x                59         0.1663106                69              1505      98.725795095                69             19447     110.327468413                49               140     106.724755467                59                 0     104.345879611
     m15k4                 x                 x                64       0.203254734                71              1909     116.993521681                71             28772     122.943470805                49               380     131.767910973                64                 0     125.824362277
     m15k5                 x                 x                68       0.213610424                72              9267     127.810469977                72              1783     139.159588589                58               560     159.752385372                68                 0     156.638545046
     m15k6                 x                 x                68       0.281311285                72             11884     142.413384594                72                24     143.334703324                65               300     179.660150997                68                 0     183.344345324
     m15k7                 x                 x                69       0.307084942                72               509     157.013572303                72                20     157.286922085                62               714     205.092381474                69                 0     206.903668214
     m15k8                 x                 x                69       0.347794503                72              5492     161.261932577                72                17     164.153550292                66               302     226.702745868                69                 0     221.982325451
     m15k9                 x                 x                68       0.351781826                72                22     183.549579475                72                 9     170.376091066                68               541     243.016579491                68                 0     243.625509415
    m15k10                 x                 x                69       0.430077154                72               929      180.07752241                72                 8     169.579698135                66               737     263.613212784                69                 0     262.225205054
    m15k11                 x                 x                69       0.420191551                72                25      200.51401238                72                10     197.045077788                68              1023     294.274194092                69                 0     288.510441916
    m15k12                 x                 x                69       0.474609787                72              5328     208.870202082                72                13     216.920024111                69              3772     320.771388032                69                 0     304.162514996
    m15k13                 x                 x                67       0.424669622                72              3202     220.331221339                72                 9     238.323868977                70             42780      340.05379917                70                41     334.059941759
    m15k14                 x                 x                67       0.451943055                72                22     242.807794262                72                15     244.161876786                70             35594     356.694070955                69            263703     354.622975764
    m15k15                 x                 x                67       0.488229544                72                37     247.855310184                72                13     229.731468372                70             27045     370.570541082                69            177590     370.464946378
    m15k16                 x                 x                67       0.553099112                72                71     250.346282722                72                14      254.25189798                70             84943     376.664277624                69               790      357.71054084
