       m k           Optimal   Optimal runtime            Greedy    Greedy runtime                GA     GA evaluation        GA runtime              GAPI   GAPI evaluation      GAPI runtime                SA     SA evaluation        SA runtime              SAPI   SAPI evaluation      SAPI runtime
     m12k1                 x                 x                46       0.469497589                46               988      77.883838621                46                 0      78.371796559                26                82      56.080516838                46                 0      54.808983647
     m12k2                 x                 x                77       0.480701394                74              4198     107.061443905                77                 0      107.22945635                44               556      77.716601256                77                 0      77.303829491
     m12k3                 x                 x                90       0.512556326                93              9335     121.309334825                93              9841     132.098220571                54               485     103.196430165                90                 0     102.942103688
     m12k4                 x                 x               101       0.567403424               102              2912     143.669240672               107              3422     158.224700156                75              1090     125.084590856               101                 0     126.923312822
     m12k5                 x                 x               108       0.657659313               115             49534     169.370125965               115             18157     168.731171809                77               967     147.434541718               108                 0     148.094172576
     m12k6                 x                 x               113       0.702487004               114              3666     183.646378739               118             36366     191.005894625                92              1052     174.716392957               113                 0     173.908142684
     m12k7                 x                 x               110        0.84483738               116             16812     198.749484998               117             36844     199.239404928                98               892     197.481347676               110                 0     199.623083333
     m12k8                 x                 x               113       1.045622107               119              5056     213.744659826               121             20479     220.729395164                96              1168     219.395527838               113                 0     221.157856985
     m12k9                 x                 x               115       1.112838349               118             28426     216.928613875               119              3064     226.247155488                99              2118     245.428270234               115                 0     241.702377486
    m12k10                 x                 x               111       1.220238844               119             22694     237.868684029               120             10758     251.786873044                98               218     269.562003691               111                 0     269.647816089
    m12k11                 x                 x               111        1.34654149               119             15588     260.248925947               121              1538     254.746805941               107               326     293.791619928               112                15     294.900181538
    m12k12                 x                 x               112       1.450039902               120               194     283.331469804               123             34558     296.253830081               104               971     305.384383927               112                 0     306.447821019
    m12k13                 x                 x               114        1.52578673               119             18971     305.536978688               121               921     296.436323453               112               145       335.1473153               114                 0      336.87138602
    m12k14                 x                 x               113        1.73552782               119              3469     322.509124964               123             32498     328.084935847               107              1663     358.660883631               113                 0     358.962263629
    m12k15                 x                 x               112       1.787523181               120                69     338.698210284               121              1559     328.428061087               113               966     392.251858755               112                 0     390.448680396
    m12k16                 x                 x               114        1.88637169               123              1209     366.448090202               121                85     341.234374525               112               881     411.836946285               117               749      407.44016562
    m12k17                 x                 x               112       1.933021177               120              3164     365.484084535               123              8369     388.753165897               116              1836     434.992023934               112                 0     434.559286792
    m12k18                 x                 x               112       1.973304223               123               459     410.477749066               123              4181     405.748184081               116               486     461.860136037               112                 0     461.931210419
    m12k19                 x                 x               110       2.184610863               123             10153     414.135116826               123              2024     420.182633774               117               735     488.343258669               114               200     485.638144494
    m12k20                 x                 x               110       2.269458257               123                81     447.452902067               122             18506     448.009247698               116               606     514.397494402               114               682     513.329142021
     m13k1                 x                 x                49       0.269296702                49               639      83.009720043                49                 0      84.672387001                25               387      60.522625176                49                 0      59.479831634
     m13k2                 x                 x                81       0.391249463                80             26610     114.097652205                82             15705     113.208391979                43               161      82.127272719                81                 0      84.201827349
     m13k3                 x                 x                94       0.486012687                97             40847     133.031114262               100             38989     141.715037722                68               490     106.644316791                94                 0     108.055632266
     m13k4                 x                 x               102       0.584352499               108             31941     152.240446747               112              3985     163.378420261                76               510     131.161975506               102                 0     130.269615473
     m13k5                 x                 x               112         0.6724333               116             21467     177.719360405               118              5918     182.666597656                87              1026     156.254156106               112                 0      155.92014515
     m13k6                 x                 x               117       0.783107533               119             19872     179.483171316               121             45942     198.314061969                92               749     184.319888545               117                 0     184.546623884
     m13k7                 x                 x               114       0.893956173               121              6797     201.798843768               120             28230     215.025771709               100               775     202.962230813               114                 0     209.547933861
     m13k8                 x                 x               117       1.041612988               122             12404     220.346599099               125              9715     211.940903738                99               580     230.026054503               117                 0     233.161784945
     m13k9                 x                 x               119       1.183085643               124             12572     247.648400299               122              3737     238.529045031               104              1704     254.530466265               119                 0     253.316420745
    m13k10                 x                 x               114        1.26787267               124              8741     255.350710592               123              2127     247.229793646               106               347     287.802524921               115                 3     286.322260951
    m13k11                 x                 x               115       1.421089078               122             37629     271.262815071               125              8734     278.071720645               114              1319     313.261567334               115                 0     310.495806356
    m13k12                 x                 x               113       1.558238597               123               101     312.282261789               125             13797      291.40173087               111              1301     306.938721534               116               304      323.84103492
    m13k13                 x                 x               116       1.601724485               123              6209      321.07832443               125              8686     320.764470813               113               386     360.233092255               119               177     352.877908272
    m13k14                 x                 x               114       1.782405592               124              5425     340.245055444               126             25375      337.46224971               109               254     375.771850193               115               102     379.048666848
    m13k15                 x                 x               116       1.753916684               123             22071     357.880030275               126              1727     354.100032756               115               612     410.684131474               116                 0     420.495931356
    m13k16                 x                 x               118       2.344551164               123              3290     388.574306832               125             41473      364.02864733               115              1769      425.73274742               119               781     430.790532201
    m13k17                 x                 x               116       1.937046056               123              3010     404.898309096               125             18370     379.945456686               118               691     476.694557643               119               638     461.818814599
    m13k18                 x                 x               115       2.185296238               123             12788     407.486490626               124                38     413.834016857               116               872     491.738913645               117               446     485.261279872
    m13k19                 x                 x               111       2.254755623               126              4445     452.551407806               126              1100     448.062759482               121               589     529.243070706               118               414     538.572233305
    m13k20                 x                 x               113       2.450746636               123               432     446.857369616               126              8734      463.54357769               117               738     560.015790643               114                60     560.744762555
     m14k1                 x                 x                51       0.295625526                52               479      89.753330294                52                80      89.626787767                35               167      63.832824531                51                 0       63.79346516
     m14k2                 x                 x                86       0.779252549                84             39450     122.270459211                86                 0     126.689373917                55              1089      88.936872892                86                 0       90.40805387
     m14k3                 x                 x                98       0.507893803               102             39600     142.976445095               102              8155      149.04056018                67               599     115.708761287                98                 0     114.533906933
     m14k4                 x                 x               107       0.597409665               110             24315     153.079744246               117             37860     168.333414512                77               538     142.482445544               107                 0     141.280310581
     m14k5                 x                 x               117       0.701097459               112             23012     170.056098698               123              9881     191.954932897                88               630     169.668256886               117                 0     169.961222614
     m14k6                 x                 x               120       0.825104149               123             22051     199.350913096               123              2008     212.543185985                97               340     203.114123352               120                 0     202.567980301
     m14k7                 x                 x               119         0.9873643               121              3744     220.311881035               122             16425     224.559421537               100              1188     225.760451992               119                 0     223.858532017
     m14k8                 x                 x               121       1.055096064               125              2493     240.317653265               128             13044     242.393030517               111               660       253.1439289               121                 0     253.110037198
     m14k9                 x                 x               121       1.238000995               124              1406     256.437877465               125              6466     267.365086045               106               336     278.409901628               121                 0     285.234176689
    m14k10                 x                 x               116       1.387782011               124             11252     275.211106223               125             10149     287.313268944               110               360      311.95987663               116                 0     310.956734878
    m14k11                 x                 x               118       1.506180006               124               796     294.550017903               127              3274     299.560279164               111               654     340.381027775               118                 0     341.630938335
    m14k12                 x                 x               117       1.630945603               125              4787     323.954675113               128             41059     317.192521868               115               749     358.947028794               121               531      355.69211248
    m14k13                 x                 x               117        1.68835421               126              3277     350.041545495               127             16011     347.531016413               115              1088      391.89440394               119                90     391.098743332
    m14k14                 x                 x               119       1.947094004               125              2247     363.496169996               129              3437     368.719703046               116               527     419.429541608               119                 0     414.724821403
    m14k15                 x                 x               120       1.982066879               127              1414     394.651841877               129             31975     392.160788256               120              1013     454.560276806               120                 0     449.036995254
    m14k16                 x                 x               121       2.556996428               126               815     427.648576875               128             17075     427.932536235               118              2196      484.52924887               121                 0     485.262669859
    m14k17                 x                 x               120       2.132315707               127              1376     428.290717037               129              3426     432.175820881               121              1358     519.839894655               120                 0     519.258816392
    m14k18                 x                 x               116       2.288245523               125             10670     443.547801253               129              2036     452.279754646               117               369     552.577931612               119               394     555.794387667
    m14k19                 x                 x               115       3.254130496               127             40468     465.301582291               127                63     485.047828118               122              1775     579.493009503               122               581     579.834922345
    m14k20                 x                 x               117       2.513383333               128              2760      494.77634541               128             17992      484.88207079               121              1145     608.761399574               119                67     612.248176154
     m15k1                 x                 x                54       0.301416039                55              1287     100.056183472                55                17      94.515817423                30                20      63.957862969                54                 0       65.81354048
     m15k2                 x                 x                87       0.420511283                88             28503     120.396110633                90                79     124.989589424                59               544      93.517157307                87                 0      91.964790663
     m15k3                 x                 x               101       0.513896805               105             47883     151.414080029               108              7009      149.73272741                72               215      122.39128138               101                 0     120.397491585
     m15k4                 x                 x               110       0.627779067               116             29344     170.318052579               119              8401     173.687137712                81               345     149.040339939               110                 0     148.937208152
     m15k5                 x                 x               118       0.700774618               125             38995     181.121171399               127             30684     199.114007259                93               392     177.255432477               118                 0     179.621383012
     m15k6                 x                 x               123       1.444011314               124             13201     199.306236216               126             33535     216.497019714                89               440     211.490265298               123                 0     204.637589254
     m15k7                 x                 x               122       0.931282496               122             16453     214.302078003               126              1377     239.327079886               102               879     234.830474847               122                 0     234.352974296
     m15k8                 x                 x               122       1.149150227               125             20404     235.702022495               130             44113     247.778705133               111               678      270.63115456               122                 0     265.030706806
     m15k9                 x                 x               122       1.308742149               129             15441      280.05033973               128             25062     283.319291019               114               263      313.87901291               122                 0     304.723090448
    m15k10                 x                 x               119       1.452662977               128              9119     286.069932453               129             20514     294.013079041               110               370     333.873663963               119                 0     340.869548141
    m15k11                 x                 x               121       1.552888307               127               557     307.380631848               129              2505     321.236068349               114               175      365.44484096               121                 0     363.233557255
    m15k12                 x                 x               120        1.68746445               128             16111     331.907748829               130              7589     339.417767585               121               914     381.722328008               120                 0     380.483069462
    m15k13                 x                 x               121       1.764776384               128              3709     357.820791874               130             46937     353.706821916               117              1301     412.513675638               122               163     417.153293023
    m15k14                 x                 x               120       1.952540447               128                58     391.092594019               131             31071     388.577904081               116              1350      444.25501248               121               421     438.865683726
    m15k15                 x                 x               123       2.034145135               128              5141     398.883401949               130             29929     403.040669682               117               818     486.784879117               123                 0     491.155115876
    m15k16                 x                 x               122       2.069183117               129              2198     429.530336879               130              1578     409.838760074               120               738     529.786660422               122                 0     523.799054768
    m15k17                 x                 x               123       2.178896024               129              1304     465.794140335               129              7288     437.939064713               122               996     553.748733476               123                 0     547.050529157
    m15k18                 x                 x               120       2.384234705               129               469        502.895879               130               103     485.513334803               122              4361     584.364826823               121              1111     581.132110366
    m15k19                 x                 x               120       2.510546057               129              8854      508.08515278               130             21508     485.906826624               123              2458     619.895200283               122                73     616.277198912
    m15k20                 x                 x               122       2.626096611               130               489     535.509196827               129              1780     560.158942788               123              1247     653.329784453               122                 0     652.798302927
