       m k           Optimal   Optimal runtime            Greedy    Greedy runtime                GA     GA evaluation        GA runtime              GAPI   GAPI evaluation      GAPI runtime                SA     SA evaluation        SA runtime              SAPI   SAPI evaluation      SAPI runtime
      m1k1                 x                 x                 4       0.027704925                 4                 0      27.203852416                 4                 0      26.730842293                 4               296        18.6359589                 4                 0      18.504240222
      m1k2                 x                 x                 5       0.019421081                 5                 0      26.848056856                 5                 0      26.900558912                 5                22      19.933966637                 5                 0      20.966040838
      m1k3                 x                 x                 7        0.01156989                 7                 4      28.539859724                 7                 0      28.519810356                 7                11      22.027600166                 7                 0      22.133233995
      m1k4                 x                 x                 9       0.015199241                 9               466      29.824145258                 9                 0      29.232579929                 7                56      23.797716052                 9                 0       23.16408761
      m1k5                 x                 x                11       0.012850577                11             11598      31.030031873                11                 0      32.091251613                 8               158      25.258645212                11                 0      25.302283766
      m1k6                 x                 x                12       0.015047302                12               823      32.564609337                12                 0      31.684266652                 9               237      26.735504367                12                 0      26.721573491
      m1k7                 x                 x                13       0.017599536                13                22      34.180068607                13                 0      33.783204593                10                 6      26.681400695                13                 0      26.664449804
      m1k8                 x                 x                13       0.019410066                13               112      37.655059173                13                 0      34.263419863                13                68      28.256601941                13                 0      27.785049752
      m1k9                 x                 x                13        0.02171517                13                64      34.499833016                13                 0      36.252977264                12               161      28.836386233                13                 0      28.573941008
     m1k10                 x                 x                13       0.029217806                13                35      35.200413457                13                 0      35.276188306                12               125      31.119765381                13                 0      31.126033622
     m1k11                 x                 x                13       0.026010309                13                 3      36.457303754                13                 0      36.762021347                13                57      32.579791364                13                 0      32.335275425
     m1k12                 x                 x                13       0.028174384                13                48      37.008706793                13                 0      36.309930418                13                75      34.040025708                13                 0      34.027175144
     m1k13                 x                 x                13       0.030263046                13                 6      38.401556371                13                 0      38.394387029                13                67      33.816018194                13                 0      35.065863888
     m1k14                 x                 x                13       0.038913039                13                 0      37.710658404                13                 0      38.038169263                13               217      35.752618971                13                 0      35.926701137
     m1k15                 x                 x                13       0.034340796                13                 2      38.305933023                13                 0      39.301550892                13               484       36.23272453                13                 0      36.434986885
     m1k16                 x                 x                13       0.036731632                13                 0      39.567147119                13                 0      39.223719756                13                 9       38.26103539                13                 0      38.185902185
     m1k17                 x                 x                13       0.043739974                13                 0       40.54558248                13                 0      41.846771856                13                37      39.427566015                13                 0       39.20627967
     m1k18                 x                 x                13       0.040938638                13                 2      40.941860028                13                 0       40.94084569                13                25      40.836185213                13                 0      40.948175387
     m1k19                 x                 x                13        0.04316848                13                 0      42.019129472                13                 0      41.353063768                13                61      42.595570233                13                 0       42.78026653
     m1k20                 x                 x                13       0.045281231                13                 4      42.427240401                13                 0      43.849426811                13                 7      44.997723604                13                 0      43.720269615
      m2k1                 x                 x                 5       0.008550461                 7                 2      28.389703268                 7                 9      28.635761998                 5               110      20.821592094                 5                 0      21.392003445
      m2k2                 x                 x                10       0.015434942                10                 4      30.944223999                10                 0      31.924480675                 8               180      24.412688754                10                 0      24.218343871
      m2k3                 x                 x                14       0.018142786                14               122      35.344352269                14                 0       35.68249536                11               468      26.520511245                14                 0      27.834218393
      m2k4                 x                 x                17       0.020568316                17             24505       36.82721071                17                 0      37.258867415                12               159      29.761273115                17                 0      29.886881537
      m2k5                 x                 x                20       0.024436345                19              5757       39.05680951                20                 0       39.28696224                15               250      32.989563797                20                 0      35.086045395
      m2k6                 x                 x                22       0.028428191                20               196      40.899405878                22                 0      42.004795148                17               223      35.826537798                22                 0      35.548195786
      m2k7                 x                 x                24       0.032365514                24              2897      44.552423661                24                 0      44.504467308                19               196      37.426411765                24                 0      36.746601177
      m2k8                 x                 x                24       0.036462985                24              6173      44.923298412                24                 0      45.376008649                19                87       41.84536738                24                 0      40.876679527
      m2k9                 x                 x                24       0.041302292                24               155      47.089736705                24                 0      46.801742188                21               628      42.760035625                24                 0      43.901257457
     m2k10                 x                 x                24       0.044490881                24                50      48.236267043                24                 0      48.193135822                20               636      46.254638433                24                 0       46.58492057
     m2k11                 x                 x                24       0.048472739                24              2415      48.878413557                24                 0      49.440404627                21               129      49.259332802                24                 0      49.931361068
     m2k12                 x                 x                24       0.052514622                24              1053      51.257797011                24                 0      51.082300659                22               549        52.8167819                24                 0      51.986518849
     m2k13                 x                 x                24       0.058787874                24                 0      52.582534614                24                 0      52.816821142                22               268      55.535239049                24                 0      55.816950786
     m2k14                 x                 x                24       0.060289706                24                 1      53.313362845                24                 0      53.180672204                22               551      57.213408014                24                 0      58.264732148
     m2k15                 x                 x                24       0.065996685                24                28      54.902138097                24                 0      54.732804964                21               488      60.656917446                24                 0      59.955670641
     m2k16                 x                 x                24        0.06818026                24                13      56.151519479                24                 0      56.103778192                22              1613      61.831445138                24                 0       61.98159994
     m2k17                 x                 x                23       0.072388192                24                 0      57.544337848                24                 2       57.10419597                23                61      67.557880628                23                 0      67.415540293
     m2k18                 x                 x                23       0.077398725                24                24      58.666280735                24                 6      57.985992963                21               945      69.900677245                23                 0      69.690499586
     m2k19                 x                 x                23       0.104150136                24                 2       59.68945938                24                 0      60.159474985                22               777      73.492027186                24                46      73.647654447
     m2k20                 x                 x                23       0.084292427                24                 5      60.732171603                24                16      60.746462119                23                91      76.620395365                23                 0      77.545371427
      m3k1                 x                 x                 8       0.012901862                10                 3      31.410410711                10                 8      29.987577675                 8               232      23.285474699                 8                 0      23.372837286
      m3k2                 x                 x                15       0.018653068                15               354      36.803669303                15                 0      38.530623325                11                28      28.181168207                15                 0      28.371258143
      m3k3                 x                 x                20       0.023703836                20             45300      39.977223654                20                 0      40.903474151                15               220      33.466976007                20                 0      33.094564359
      m3k4                 x                 x                23       0.043783746                24             10226      42.661054964                24                61       43.71608227                19               196      37.348571349                23                 0      37.088916856
      m3k5                 x                 x                28       0.033622149                27             48018      47.859983152                28                 0      49.070571281                21                66      41.392444087                28                 0      42.212211439
      m3k6                 x                 x                30       0.048095812                28               263      50.743093817                31               134      50.405026872                23               218      45.533053624                30                 0      46.009884739
      m3k7                 x                 x                31       0.046386224                31             41225      51.671452258                31                 0      53.931535223                23               284      50.784127431                31                 0      49.963049965
      m3k8                 x                 x                32       0.051452153                31               143      54.159447056                32                 0      57.442878369                27               214        53.3687208                32                 0      54.542433093
      m3k9                 x                 x                32       0.058058759                32             24444      57.881967617                32                 0      59.409126633                25                68      57.305551087                32                 0      58.991397604
     m3k10                 x                 x                32       0.060508841                31                20       55.88623578                32                 0      58.142045619                30               636      61.882020071                32                 0      61.752347669
     m3k11                 x                 x                32        0.06848802                32               474      60.417797162                32                 0      59.370182581                29               617      67.175325591                32                 0      68.049029054
     m3k12                 x                 x                32       0.076559395                32              1048      62.813403141                32                 0      62.541341315                30               469      73.351791337                32                 0      72.679633332
     m3k13                 x                 x                32       0.081254818                32             10278      64.231655182                32                 0      64.118066101                31              1281      76.638665198                32                 0      75.719824457
     m3k14                 x                 x                32       0.109805309                32              3616       67.11233026                32                 0      68.007816296                32               436      80.074142434                32                 0      79.006156137
     m3k15                 x                 x                32        0.09837726                32                 6      68.569370343                32                 0      67.626040375                29               471      85.172814763                32                 0      86.436372805
     m3k16                 x                 x                32       0.097131673                32                 6      70.149143225                32                 0      69.860658836                28               538      88.741617845                32                 0      89.317332434
     m3k17                 x                 x                32       0.102417702                32                10      71.462857993                32                 0      75.288871112                30               309      97.496266442                32                 0      96.717714491
     m3k18                 x                 x                32       0.146614767                32                22      75.515872244                32                 0      78.876313505                30               815     101.482621765                32                 0     100.145703283
     m3k19                 x                 x                32       0.112698175                32                17      76.268024565                32                 0      74.990631201                31               309     106.168746134                32                 0     106.438524243
     m3k20                 x                 x                32       0.118547938                32                 4      81.569262664                32                 0      78.895411156                30              1118     109.964360721                32                 0     109.004112286
      m4k1                 x                 x                11       0.016801755                13                47      34.443163246                13                10        34.9569385                 8                50      25.654719668                11                 0      25.868817752
      m4k2                 x                 x                20       0.023042968                20                72      41.006256286                20                 0      40.716460183                14               103      31.603596289                20                 0      32.150910231
      m4k3                 x                 x                26       0.031216087                26             19735      46.206342109                26                 0      48.392968309                18               420      38.216165457                26                 0      39.535776593
      m4k4                 x                 x                30       0.038710315                31               851      49.605454714                31                40      50.981544002                21                92      45.261987751                30                 0      44.919551173
      m4k5                 x                 x                34       0.045159068                35              1145      54.161118088                35             19962       55.99116685                26               122      51.419745389                34                 0      52.042139851
      m4k6                 x                 x                36       0.052530014                35              4647      56.560396749                38              1470      56.752185137                26               112      57.411309976                36                 0      59.492163306
      m4k7                 x                 x                38       0.058698646                37               236      60.561902104                39                11      59.910711755                30               325      59.821676749                38                 0      60.302090477
      m4k8                 x                 x                38       0.075960329                39              1239      62.151191732                39                 4      63.678942414                35               646      66.615067665                38                 0      66.507603528
      m4k9                 x                 x                37       0.070694137                39              7214      64.917790829                39               103      64.940105765                34               571      72.421021338                37                 0      72.450168289
     m4k10                 x                 x                37        0.07913403                38                27      65.910318472                39                 8      68.480194942                32                34      78.391878673                38               402      79.557785177
     m4k11                 x                 x                37        0.08990019                39              6610      69.853151937                39                 5      69.113065461                33               184      86.447222266                39                 3      86.363632365
     m4k12                 x                 x                36       0.093024549                39             42961       70.93772628                39                 5      72.113335885                36               634      93.821642561                36                 0      92.754602781
     m4k13                 x                 x                37       0.116659788                39                41       74.62402328                39                 4      72.530528086                36               863      98.156124161                37                 0      96.990519969
     m4k14                 x                 x                37       0.107605192                39                62      74.925418564                39                15      76.133758977                35               158     104.623978116                37                 0     103.892116799
     m4k15                 x                 x                37       0.119351462                39                53      77.885105666                39                 5      79.005886164                35               438     110.551211896                39                46     111.148663027
     m4k16                 x                 x                37       0.120903327                39              2666      80.618449142                39                 2      81.080284482                37               843      116.09311312                37                 0     116.103506136
     m4k17                 x                 x                37         0.1280221                39                12      84.206510757                39                 4      82.368839504                36               728     122.942942303                37                 0     125.378198746
     m4k18                 x                 x                37       0.134743353                39                28      86.437811894                39                 4      87.670090329                36              1314     127.515662105                37                 0     129.385787363
     m4k19                 x                 x                37       0.138773569                39                45      85.230996248                39                10      87.843660255                38               544     129.549836195                38               538     132.641585207
     m4k20                 x                 x                37       0.148746214                39                 9      90.591367607                39                 6      93.321783253                38               486     137.155853881                39                 7      137.80463997
      m5k1                 x                 x                14       0.021699287                16                54      38.611163928                16                23      38.925615009                13                 4      27.684875053                14                 0      28.495165782
      m5k2                 x                 x                25       0.031008209                25              1598      48.518654127                25                 0      49.341278171                17               126      36.070454053                25                 0       36.94730201
      m5k3                 x                 x                32       0.039341797                32             11599      52.350701193                32                 0      53.962656039                25               397      46.052091925                32                 0      45.662910469
      m5k4                 x                 x                37       0.049013566                36              3057      57.580117848                38                37      59.441322858                26               681      55.318480271                37                 0       55.30879791
      m5k5                 x                 x                41       0.056767368                42               179      63.440660036                41                 0      66.123064782                28               508      63.051367158                41                 0       62.93063272
      m5k6                 x                 x                43       0.062241261                42              3146      67.337845315                44                22      71.120262659                35               689      72.136250051                43                 0      71.392089309
      m5k7                 x                 x                45       0.073314981                44               193      68.867332089                45                 0      76.772908898                32               184      75.303649744                45                 0      74.869473401
      m5k8                 x                 x                41       0.078447919                44               201      73.687787515                45                 7      74.163703806                33               299      85.230703342                41                 0        83.9574048
      m5k9                 x                 x                42       0.084732929                45               169      77.095667665                45                24      76.883546401                36               320      92.180759406                42                 0      93.710029226
     m5k10                 x                 x                42       0.103427124                44             12867      83.965636907                45                10       81.99561037                39               200      99.139501121                42                 0     100.350817514
     m5k11                 x                 x                42        0.10593443                45               108       81.43738406                45                 9      83.167208567                44               722     109.467003374                42                 0     107.392842305
     m5k12                 x                 x                40       0.113998603                44                40      82.205204093                45                 6      84.230886157                42               325     118.387741865                43               372     119.402488117
     m5k13                 x                 x                41       0.123218947                45             31364      92.201513499                45                 5      91.146801541                43               705     126.969059558                41                 0      126.86210695
     m5k14                 x                 x                41       0.130873515                45                54      93.225454146                45                12      93.993812725                43               251     132.919104258                41                 0     133.966194893
     m5k15                 x                 x                41       0.139266119                45                49       96.00705084                45                 8       95.93860688                44               646     140.631542204                41                 0     139.457706251
     m5k16                 x                 x                41       0.152466622                45               697      97.537983325                45                30     100.844312786                45               479     149.942217043                42              1612     149.137834283
     m5k17                 x                 x                41       0.145096376                45                 6      94.955143837                45                12     105.316143334                43              2081     159.418679283                44               678     155.934370896
