       m k           Optimal   Optimal runtime            Greedy    Greedy runtime                GA     GA evaluation        GA runtime              GAPI   GAPI evaluation      GAPI runtime                SA     SA evaluation        SA runtime              SAPI   SAPI evaluation      SAPI runtime
     m16k1                 x                 x                53       0.599205839                52              2852     106.693866136                54                87     105.501825288                25               131      75.402317636                53                 0      74.806141717
     m16k2                 x                 x                64       0.573853112                69              4543      130.76007973                73              9954     124.739175155                43               331     102.207091721                64                 0     105.240682863
     m16k3                 x                 x                68        0.76894843                74              4286     136.065055074                76             18279     146.333670887                56               167     128.737807687                68                 0     129.374122297
     m16k4                 x                 x                74       0.738372709                77              4681     158.988964764                77             11775     163.828814554                62               434     160.586892772                75                 3     159.810083921
     m16k5                 x                 x                73       0.828811256                77              7258     175.020236087                77               778     183.107286722                68               788     186.631080985                73                 0     189.381162578
     m16k6                 x                 x                70       1.030747959                77              3157     192.462129307                77              4013      198.95996399                69              1338     221.798032841                71                15     218.183646873
     m16k7                 x                 x                69       1.189140486                77              1862     212.614431428                77              1137     216.875133996                69               706     252.771654954                72                 1     250.606010782
     m16k8                 x                 x                73       1.332760209                77               400     242.541391883                77              2576     232.447590025                71               481     286.812571247                73                 0     278.727730815
     m16k9                 x                 x                73       1.381377249                77              4404      261.85732884                77              2424     251.964984309                72               525     314.382796688                73                 0     305.221512956
    m16k10                 x                 x                73       1.593904618                77               542     280.675400002                77              7013     283.911492679                75              2279     350.054254147                74               139     337.475473125
    m16k11                 x                 x                75       1.761227843                77              7086     296.052239682                77              3820      306.07055603                73              1189     375.777646163                75                 0     362.846865587
    m16k12                 x                 x                73       1.754688254                77               422     324.294639049                77              2990     329.952660525                74               935     406.910744157                74               643     392.337357704
    m16k13                 x                 x                69       1.892123933                77               145     350.920716912                77               841      363.20830281                73              1521     432.329615273                74              1175     440.633167294
    m16k14                 x                 x                69       2.087712897                77               206     382.547458258                77              1178     386.042282506                74              4888     472.532117106                75               194     472.841705927
    m16k15                 x                 x                69       2.219828092                77               315     400.756586549                77               136     381.740411219                74               744     500.127621719                74               257     505.354799037
    m16k16                 x                 x                66       2.335257487                77               644     420.082498024                77                82      430.04040887                75              2753     526.884110498                74               216     531.162060821
    m16k17                 x                 x                66        2.47981524                77                10     428.737787383                77                37     443.625408405                75              2062     560.287809539                73               608     558.924797958
    m16k18                 x                 x                66       2.647434422                77                29      466.17118676                77                12      460.86728877                75              3412     586.186218051                74               284      583.72996936
    m16k19                 x                 x                69       2.822344641                77               126     458.598719018                77                17     492.032599373                76              3901      619.48692351                74               700     606.890046924
    m16k20                 x                 x                69       2.916464574                77              1427     497.219548049                77               104     494.351220278                76              4429     645.204583697                75               335     626.394260516
     m17k1                 x                 x                55       0.366919644                53              1070     105.752983683                56                33     111.788115952                29               271      80.519368249                55                 0      79.625000276
     m17k2                 x                 x                66       0.498908835                73             20014     119.320112619                75              1059     130.776861178                51               142     107.022677234                66                 0     108.462774668
     m17k3                 x                 x                70       0.691763214                76             20950     143.216132618                77              1957     154.605556989                54               216      139.75925109                71                 2     139.826652549
     m17k4                 x                 x                75       0.812982507                77               722     167.849593244                77               175     170.289742425                65               565     166.296334102                75                 0     166.533194978
     m17k5                 x                 x                75       1.244331524                77              1005     180.907114465                77               995     186.438493324                67               573      191.64706379                75                 0     196.393432109
     m17k6                 x                 x                72       1.017754223                77              1082     207.473118503                77               452      207.45704428                69               254     230.761961907                76                99     227.868267821
     m17k7                 x                 x                73        1.22805225                77               179     226.363136033                77                19      233.23091464                72               918     266.589422023                73                 0      261.59247049
     m17k8                 x                 x                75       1.368363066                77                38     247.197931341                77                19     260.154463725                73               541     298.205415939                75                 0     290.409271681
     m17k9                 x                 x                75        1.37922622                77                68     264.161115396                77                27     285.750712181                71               918     330.815542253                75                 0     334.434690806
    m17k10                 x                 x                75       1.554084801                77                21     305.743598841                77              1037     311.801605366                74              1094     380.695250134                75                 0     360.664425165
    m17k11                 x                 x                76       1.802401614                77                18     328.595742593                77              1571     312.416227928                75              1318     405.171701837                76                 0     384.411451951
    m17k12                 x                 x                75       1.783231078                77                20      359.43864042                77                14     359.443684365                75              1022     438.086608077                75                 0     415.674850473
    m17k13                 x                 x                73       1.961470007                77                34     374.353503504                77                31     376.349075685                74               968     467.892903056                75                54     453.692626638
    m17k14                 x                 x                73       2.011794863                77                14     397.261436977                77               165     392.296335785                75              3412     500.453061776                75                64     481.128555736
    m17k15                 x                 x                73       2.146759729                77               277     429.057458244                77                12     421.266727389                76              7326     529.035425378                74               330     512.660406073
    m17k16                 x                 x                69       2.455581539                77                15     458.527421662                77                16     458.019658448                76              2877     566.413880021                74               272     558.772976858
    m17k17                 x                 x                69       2.500278897                77                10     474.708783719                77                15     474.505086564                76              4261     588.961545183                73               106     593.068849703
    m17k18                 x                 x                69        2.70383838                77                15     509.362412434                77                14     516.356851933                76               551     618.219363401                74                87     613.895647874
    m17k19                 x                 x                73       2.669882013                77                11     539.653040835                77                13     504.269213779                75               898     651.816407931                75              7645     627.345920343
    m17k20                 x                 x                73       2.766886494                77                15     561.910370707                77                10     527.380041118                76              1513     684.927851517                75              4639     648.644941519
     m18k1                 x                 x                56       0.375264776                56              3872     105.548811877                58                37     115.562949532                33                37      83.347810029                56                 0      81.545152581
     m18k2                 x                 x                67       0.481026806                72             22090     123.794262037                77              7576     136.349737789                49               138       114.2456401                67                 0     112.368271058
     m18k3                 x                 x                72       0.887028185                77              1024     154.151553906                77               959       153.8377645                61               336     147.594606246                72                 0     144.798982964
     m18k4                 x                 x                76       0.829475405                77               197     189.553335139                77                 9     188.251536492                62               491     181.860323245                76                 0     189.645808453
     m18k5                 x                 x                76       0.980309961                77               853     211.331495822                77                 7     214.450686609                71               465     218.116778245                76                 0     221.871339221
     m18k6                 x                 x                75       1.105394556                77              1437     231.516117778                77                53     241.646197358                71               436      258.71971507                76                 0     256.031903729
     m18k7                 x                 x                75        1.29813963                77                24     247.158326609                77                 6     265.876723136                72               403     294.049685123                75                 0     285.598014971
     m18k8                 x                 x                76       1.464578401                77                45      277.53797617                77                10     278.531085167                72               384     323.373029891                76                 0     320.013027178
     m18k9                 x                 x                76       1.477611329                77                43     302.404980199                77                77     293.049251852                73              1384     353.570222876                76                 0     345.710616255
    m18k10                 x                 x                76       1.684574861                77                11     330.951842214                77                 3     328.179431618                75              1918     402.890127157                76                 0     381.038022529
    m18k11                 x                 x                77       1.853035036                77               230     368.985625764                77                 0     364.564193682                75               652     433.910375754                77                 0     406.566684544
    m18k12                 x                 x                76       1.846014568                77                11     385.118456834                77                16     384.019405636                76              2161     467.915802941                76                 0     446.498233898
    m18k13                 x                 x                75       1.924095589                77                19     415.465959283                77                13     422.480169864                74               490     498.481384349                75                 0     487.572134024
    m18k14                 x                 x                75       2.175616237                77                12      435.08789679                77                 6     435.443021612                75               850     537.335460014                76               813     506.824576536
    m18k15                 x                 x                75       2.225174457                77                54     459.626555861                77                 8      458.02269606                76              3210     574.750197278                76                17     534.277239208
    m18k16                 x                 x                73       2.375348985                77               196     495.121955078                77                15     506.768571664                76              2253     607.718069017                75               157     578.177156365
    m18k17                 x                 x                73       2.662311496                77                16     523.150319131                77                 8     512.313666823                77              4281     639.845885552                75               180     601.662758989
    m18k18                 x                 x                73        2.67467177                77                 8     497.548536591                77                10     510.528871666                76              2657     633.200582609                74                 1     610.142864526
    m18k19                 x                 x                75       2.893717002                77                13     562.711777743                77                 7     528.392510649                76              3422     684.874512272                75                 0     634.088333368
    m18k20                 x                 x                75       3.064002346                77                15     585.621740877                77                 5     572.328370501                77              5655     710.442983857                75                 0     656.472378725
     m19k1                 x                 x                58       0.400979329                60              3964     115.105978865                60                58     121.102189517                41               172      90.275768833                58                 0      89.658342939
     m19k2                 x                 x                68       0.520418643                76             17643      131.59181226                77             14059     124.016673583                47               134     114.230721319                68                 0     116.439483852
     m19k3                 x                 x                73       0.658876949                77             17555     150.016251987                77                54     163.180491686                59               554     145.852192911                73                 0     144.088092631
     m19k4                 x                 x                77         0.8647647                77               837     181.930063778                77                 0      180.08779933                66               192      181.88897593                77                 0     181.662057332
     m19k5                 x                 x                77       0.899271866                77               502     209.865626114                77                 0     216.291347037                68               255     223.055232895                77                 0     221.749806115
     m19k6                 x                 x                76       1.080864803                77               203     226.700138501                77                 6     244.518876957                67              1110     251.778535232                76                 0     256.397497171
     m19k7                 x                 x                76       1.273726305                77               113     258.816278225                77                 3     267.109692773                74              1110     302.619604499                76                 0     284.785587417
     m19k8                 x                 x                77        1.36015637                77                12     289.649966621                77                 0     286.183777148                73               958     329.775396253                77                 0     325.153474659
     m19k9                 x                 x                77       1.391479931                77               119      310.24829636                77                 0       309.1714549                75              1147     362.035805835                77                 0     350.116173009
    m19k10                 x                 x                77       1.584225706                77                38     332.541308358                77                 0      335.06375928                75               925     401.721991016                77                 0     376.557023921
    m19k11                 x                 x                77       1.859290145                77                88     372.723430136                77                 0      345.17084824                74               620     430.040168022                77                 0     400.005166359
    m19k12                 x                 x                77       1.803789786                77                14     408.150161688                77                 0     375.439029724                76              3335     480.306670498                77                 0     441.414559725
    m19k13                 x                 x                76       2.021122409                77                18     431.640163139                77                 7     428.279930123                76              1381     518.443670437                76                 0     480.748924024
    m19k14                 x                 x                76       2.279829381                77                20     459.928313327                77                 7     460.025939125                76              2069     567.753554653                76                 0     530.303117396
    m19k15                 x                 x                76       2.294718429                77                38     491.928790828                77                 5     468.422374096                76               259     588.178248528                76                 0     565.704722828
    m19k16                 x                 x                75        2.54999513                77                 8     508.955751618                77                 5     493.117710331                77              1038     625.431873454                75                 0     593.480498231
    m19k17                 x                 x                75       2.569801165                77                 9     539.341814338                77                 6     510.115922816                76               117     672.741521529                76                22     619.433046663
    m19k18                 x                 x                75       2.850434068                77                 7     578.969463084                77                 6     534.939842258                76               567     697.913736439                76                14     661.654522601
    m19k19                 x                 x                76       2.937349155                77                 7     592.859059156                77                 1     577.244621082                76               458      698.84061302                76                 0     666.063699561
    m19k20                 x                 x                76        3.05698857                77                 9      609.47929674                77                 5     544.485430383                77              1623     756.099789833                76                 0     689.175424397
     m20k1                 x                 x                59       0.380593822                61              1018     115.728721833                62               651     120.441454941                34                59      88.385048775                59                 0      86.403544226
