       m k           Optimal   Optimal runtime            Greedy    Greedy runtime                GA     GA evaluation        GA runtime              GAPI   GAPI evaluation      GAPI runtime                SA     SA evaluation        SA runtime              SAPI   SAPI evaluation      SAPI runtime
      m1k1                 x                 x                 7       0.189579402                 6                 0      26.166950531                 7                 0      30.174377031                 5                 3      19.826852274                 7                 0      19.587166722
      m1k2                 x                 x                12       0.157807303                10                 0      31.887580512                12                 0       33.98401587                11               261      22.312143026                12                 0      21.529647477
      m1k3                 x                 x                14       0.183239827                13                 0       31.28451264                15               523      34.916063792                14               166      23.059166932                14                 0      23.503237682
      m1k4                 x                 x                18       0.236869774                16                 0      38.796077649                18                 0      36.351100489                18               157      26.468523505                18                 0      25.038799372
      m1k5                 x                 x                21       0.320570765                18                 0      36.996568886                21                 0      39.309406316                19               239      30.331270798                21                 0      29.878506059
      m1k6                 x                 x                24       0.418965656                20                 0      39.873483063                24                 0      42.462646405                23               411      32.623651038                24                 0      32.761172038
      m1k7                 x                 x                25       0.479473798                21                17      41.492966209                26               185      45.896899254                24               215      32.620099518                25                 0      32.917019354
      m1k8                 x                 x                26       0.551216246                23                47      44.986342355                27               761       45.22863463                25               659      36.808931558                26                 0      35.436482328
      m1k9                 x                 x                28       0.642628543                25                51      49.251074207                29               113      48.546661627                26               659      37.677996098                28                 0      38.451471748
     m1k10                 x                 x                28       0.712603795                27                56      48.880026212                29                20      51.564174019                28               343      40.425716824                30               637      40.140700102
     m1k11                 x                 x                29       0.779775271                29                52      53.423081916                29                 0      50.808668776                28              2783      42.662975988                30               536      41.883558443
     m1k12                 x                 x                29       0.820442938                27                58      51.933774013                29                 0      51.855310701                30              2770      45.165885565                29                 0      45.513004149
     m1k13                 x                 x                31       0.975396607                30                42      54.927307176                32                19      57.065702395                30               477      45.938035692                32                11      46.864469374
     m1k14                 x                 x                32       1.016682264                30                 9      56.650225668                33                45      59.498435997                31               370      48.682235076                32                 0      48.657919076
     m1k15                 x                 x                33       1.096833562                29                 0      54.822172162                33                 0      61.291185149                30               498      50.264545369                33                 0      50.863015686
     m1k16                 x                 x                33        1.15804256                32                73      59.852614663                33                 0      62.599804195                32               110       53.88202128                33                 0      55.656826042
     m1k17                 x                 x                33        1.25511437                30                28      62.125604515                33                 0      66.529489531                31              1035      57.874000516                33                 0      57.864358666
     m1k18                 x                 x                33       1.329145808                30              1179      62.959195654                33                 0       65.19992335                32               156      60.068149425                33                 0      61.047902656
     m1k19                 x                 x                33       1.349876999                30                 6       64.27981773                33                 0      65.958523483                32               501      62.129961641                33                 0      62.787949384
     m1k20                 x                 x                33       1.471682169                32                 5      67.245559101                33                 0      69.167507394                33               308      66.350218244                33                 0      64.892605038
      m2k1                 x                 x                13       0.152372897                12                46      36.741446589                13                 0      40.552259125                10               318      25.799076049                13                 0      24.504252324
      m2k2                 x                 x                23       0.244143635                20                10      46.731698985                23                 0      45.489124919                17               181      28.001734167                23                 0      28.978225749
      m2k3                 x                 x                27       0.359740932                26                62      49.555608787                28             35188      47.396384497                24               190      33.005875378                28                 4      33.346761109
      m2k4                 x                 x                34       0.514116184                30              8053      51.288911583                34                 0      58.473181925                29                32      37.585734744                35                 9      37.240103653
      m2k5                 x                 x                41       0.625698168                35                22      57.670662333                43                13      61.252994682                38               120      44.173387516                43                 1      44.322729079
      m2k6                 x                 x                44       0.765295874                39               707      62.584052805                48                20      67.973155572                41               154       49.98633416                48                14      48.786180502
      m2k7                 x                 x                48       0.906834171                43              1134      67.979270668                51               627      81.199497276                43              1148      52.392430131                50               199      54.557381959
      m2k8                 x                 x                49       1.025777504                45               179      71.354667136                53               161      81.197925776                46               412      56.973780213                51                 0      56.899879436
      m2k9                 x                 x                54       1.141011129                49                62      80.557828512                57               111      90.333863458                51               405      64.198875519                55                10      65.996320261
     m2k10                 x                 x                56       1.340042611                47                71      83.957795082                58               217      91.530684703                55               424      67.797075427                56                 0      67.882182964
     m2k11                 x                 x                57       1.566468343                50              1262      88.106268083                59                26      92.158578749                50               599      71.883353961                57                 0      72.935669424
     m2k12                 x                 x                58       1.604462687                55               150      88.112298867                59                55      96.553785971                53              1194      77.529648325                58                 0      77.176752528
     m2k13                 x                 x                60       1.720443561                53               176      96.721843479                61                71      99.861421277                53               770      82.882433298                60                 0      81.727890337
     m2k14                 x                 x                62        1.82047755                51                16      96.376937291                63                 6     102.588602649                53               296      87.448811253                63                22      86.037846815
     m2k15                 x                 x                63       1.957592567                56               134     100.637026803                63                 0     105.492545319                54               699       90.55196107                63                 0      91.396568957
     m2k16                 x                 x                63       2.162056554                56               811     106.438730738                63                 0     110.396122651                60               597       98.89282982                63                 0       96.74468149
     m2k17                 x                 x                63       2.316675242                54                33     110.080707049                63                 0      115.25197096                59               315     102.752381184                63                 0      103.42700118
     m2k18                 x                 x                63       2.441611816                60               218     113.754190432                63                 0     116.301150692                59               773      108.18130819                63                 0     109.457072493
     m2k19                 x                 x                63       2.600444472                59                21     116.031305054                63                 0     119.641160114                58               428     117.517725394                63                 0     114.265625562
     m2k20                 x                 x                63       2.607878062                58                65     119.685587061                63                 0     126.483604171                58               261      124.68141303                63                 0     120.200014669
      m3k1                 x                 x                19       0.237093636                18               132      44.172315714                19                 0      48.660265278                13               181      30.501586853                19                 0      30.688768984
      m3k2                 x                 x                34       0.368065108                29                80      52.530745027                34                 0      59.642372996                27               517      36.277655687                34                 0      35.379936597
      m3k3                 x                 x                39       0.521500435                40              2709      63.345542876                44                47      70.602682082                38               930      41.934849296                39                 0      41.674469295
      m3k4                 x                 x                49        0.69597791                46               615      66.827934734                51              3010      81.933989812                42               312       50.49256171                51                31      51.737445078
      m3k5                 x                 x                56       0.875572708                52               178      79.768444544                56                 0      87.640934232                46               265      59.858586602                56                 0      59.362748346
      m3k6                 x                 x                57       1.050815131                54              3819      90.389955604                64               367     106.185830049                54              1105      67.830012716                59                 2      68.362006198
      m3k7                 x                 x                61       1.260564254                59              5325       92.74377059                68              2543       111.7834761                61               609      76.140364248                64                40       74.27711169
      m3k8                 x                 x                66        1.46278951                65              5394      95.209246996                70                50     107.031889369                55               615      80.945668061                68               487      80.815278053
      m3k9                 x                 x                72       1.656967974                69               157     110.582554833                76               201     115.610902156                56               542      86.852213277                72                 0      88.746194864
     m3k10                 x                 x                75       1.866483203                64              1901     116.330938633                77                50     117.423432333                68              1696       96.91355961                75                 0      95.660248089
     m3k11                 x                 x                78       2.084406813                70               122      122.84689517                79                16     127.992420968                68              1304     102.190893779                78                 0     100.365779277
     m3k12                 x                 x                77       2.225950753                68                58     123.758636744                78                13     128.693553528                70               636       108.4443045                77                 0     110.649828271
     m3k13                 x                 x                79       2.423602978                74                77     135.874623063                80                13      134.90235913                72               319     116.907682768                79                 0     120.824458842
     m3k14                 x                 x                83       2.625308023                73              7061     132.474236679                83                 0     143.893299897                69               898     123.650527583                83                 0     124.612260333
     m3k15                 x                 x                83       2.793349854                74               267     151.644609084                83                 0     148.362512557                74               564     131.434180177                83                 0     135.695823561
     m3k16                 x                 x                83       2.888709826                78             21480     144.565278462                83                 0     150.039864734                75               737     138.967069063                83                 0     143.048032785
     m3k17                 x                 x                83       2.990752107                75                83     145.736738125                83                 0     159.984404428                77               550      149.40614937                83                 0     148.483282813
     m3k18                 x                 x                83       3.236098916                78              1430     168.385356184                83                 0     164.394920507                80               935     161.385688451                83                 0     164.580356611
     m3k19                 x                 x                83       3.535785567                75                24     160.628262951                83                 0     170.990398253                76              1073     168.947344043                83                 0     169.682288493
     m3k20                 x                 x                83       3.784752277                81                38     166.429072945                83                 0     178.251681124                75               958      178.86587162                83                 0     177.815488328
      m4k1                 x                 x                25       0.302006022                22                31      48.534844714                25                 0      56.167532021                17               112      36.602696727                25                 0      36.656968516
      m4k2                 x                 x                45       0.469468412                38              2710      65.233534698                45                 0      69.874905883                31                71      43.023840782                45                 0      43.726499087
      m4k3                 x                 x                52       0.694840138                48               208      76.773242348                55                38      87.679808557                44              1397      52.582981926                52                 0      54.830332596
      m4k4                 x                 x                62       0.896440474                56             40326      90.133496563                63                38      94.826404309                48               354      64.483301129                62                 0      65.578450023
      m4k5                 x                 x                60       1.115817908                64               697     103.051429297                72              5098      106.96885972                59              1125      74.966350118                64               331       75.39180312
      m4k6                 x                 x                72       1.375335533                69              5539     113.502960174                78              1769     114.177102516                62              1019      81.966555231                72                 0      87.826705917
      m4k7                 x                 x                77       1.555951136                77               442     122.190566392                85               352     131.835384902                76               648      93.995209796                77                 0      91.613130422
      m4k8                 x                 x                81       2.132981982                77               116     123.210687074                86             18409      137.71356861                79               678     103.440185744                81                 0     103.735269323
      m4k9                 x                 x                82       2.072270743                78               243     132.091658837                92               101     143.109382157                84               328     112.952149462                85               468     112.268917725
     m4k10                 x                 x                88        2.30499447                84              2115     147.154141999                92               211     148.288994186                74              2501     121.895251281                88                 0     121.833073454
     m4k11                 x                 x                84       2.577554049                88              4420     137.625922433                93                46     159.935870619                82              1386     130.191312224                86               102     130.777997121
     m4k12                 x                 x                90       2.694707761                84               193     162.547523288                94                18     174.815114147                81               744     142.023656491                90                 0     139.681564495
     m4k13                 x                 x                92       2.989786803                89              7375     171.412623504                96                37     177.411167461                84              1042     151.701992083                92                 0     152.465404983
     m4k14                 x                 x                92        3.22683577                88               730     179.417312276                96                11     181.072779864                84               246     162.259221438                92                 0     163.474126604
     m4k15                 x                 x                92       3.314394919                84              4830     188.609550547                96                16     189.231962978                88               563     174.432319313                92                 0     171.459780543
     m4k16                 x                 x                92       3.569776942                90               169     192.903477023                96                18     195.903186169                85               725     184.857547638                92                 0     187.232539634
     m4k17                 x                 x                92       3.700900318                91               499     178.146222229                96                 7     204.734832033                91              1285     188.666027842                93                95     196.930331437
     m4k18                 x                 x                92       3.979996846                93                69     209.476933336                96                 5     208.167874274                91              2087     207.627090501                96               146     212.565562688
     m4k19                 x                 x                92       4.356831244                93               103     197.570864521                96                 5     219.635716936                92               485     222.681924199                92                 0     215.484094532
     m4k20                 x                 x                92         4.5528598                93                48     225.770221391                96                 6     230.451344762                92               835     228.710884068                92                 0     227.698575068
