       m k           Optimal   Optimal runtime            Greedy    Greedy runtime                GA     GA evaluation        GA runtime              GAPI   GAPI evaluation      GAPI runtime                SA     SA evaluation        SA runtime              SAPI   SAPI evaluation      SAPI runtime
      m6k1                 x                 x                17       0.093882727                18              1121      42.800745683                18                 8      40.716374654                12               303      29.885383333                17                 0      30.652747206
      m6k2                 x                 x                27        0.05781317                29              5643      51.088055984                29                64      51.111934452                18               335      40.005437557                27                 0      40.190153723
      m6k3                 x                 x                38       0.062171928                38             39355      55.982401685                38                 0       57.99678477                24               109      49.270459734                38                 0      49.324844295
      m6k4                 x                 x                41       0.055708965                41             17611      60.375012094                44               332      64.394328388                28               910      60.243362202                41                 0      59.157488222
      m6k5                 x                 x                45       0.060719293                46               522      65.756716054                48             13447      71.695654814                33               105      68.846038648                45                 0      68.546850987
      m6k6                 x                 x                49       0.073315581                49               378       83.41242317                49                 0      80.157402279                40               266       78.04235156                49                 0      77.658238708
      m6k7                 x                 x                49       0.080096775                50              1366      80.713306773                49                 0      84.131028945                35               502      83.251364748                49                 0      82.855148426
      m6k8                 x                 x                48       0.091027366                46                69      75.365101992                50                 7      84.682631703                42               554      93.349248437                48                 0      92.051037758
      m6k9                 x                 x                48       0.097406471                49               251      84.947590197                51              1331      79.874768162                45               500      101.10662332                48                 0      99.595738603
     m6k10                 x                 x                44         0.1084604                49               116      89.869832857                50                38      88.239385537                45               605      108.37149917                46                23     108.377535325
     m6k11                 x                 x                44       0.117209699                49                36      95.704417618                50               459      91.725035565                47               317     118.822543165                46               447     115.779265543
     m6k12                 x                 x                44       0.128734492                49                31      95.520114719                49                10      97.116051574                45               492     131.134473611                48               339     131.368459988
     m6k13                 x                 x                42       0.137502269                51                36      96.001880451                50               205     100.826347079                49               883     142.335248897                47              1483     141.950245477
     m6k14                 x                 x                42       0.148274277                50                16     103.180572001                49              1464     106.167789485                47              1010     149.711768572                47                34      148.61935986
     m6k15                 x                 x                42       0.159635122                49                40     111.208014681                51                57     102.865554622                48               236     156.335273709                47               110     159.141414892
     m6k16                 x                 x                42       0.163839229                51             11210       105.1497365                49                10     106.197324471                49              2311      165.74393221                48               773       165.8103943
     m6k17                 x                 x                42       0.172630818                51               285     106.961411983                51                21     104.859074423                48             16413     174.347777009                48              7413     176.007318128
     m6k18                 x                 x                42       0.190752867                51                71     108.708197375                51                49     106.319036401                48              6075     178.760390817                48              1790     178.301365289
     m6k19                 x                 x                42       0.190348708                51               569     108.388453408                51             29516     108.317735216                49              3654     188.014110146                48               466     181.235278084
     m6k20                 x                 x                42       0.210774633                51                14     110.547136115                51             39012     112.078229174                49              1173     191.977308406                48               508     186.181665421
      m7k1                 x                 x                19       0.028783194                20                15      42.687189878                20                 6      43.057858146                12                12      31.869134806                19                 0      32.545839763
      m7k2                 x                 x                30        0.04023959                33             45836      54.275072306                33              4620      54.769297277                20               119      43.972226354                30                 0      43.505462801
      m7k3                 x                 x                41       0.050965719                43             12577      63.512583376                42                 5       63.76138184                26               171      54.721930433                41                 0      55.669969334
      m7k4                 x                 x                47       0.063605066                48              1490      72.962984188                51               581      77.534195805                32               285      69.264683601                47                 0      67.117538273
      m7k5                 x                 x                49       0.073469671                52             24729      81.393583267                52              1839      82.585025793                39                72      77.250119814                49                 0      77.468372362
      m7k6                 x                 x                53       0.079168546                52             15890      83.796162945                53                 0      87.036076343                41               141      87.994026966                53                 0      87.851419804
      m7k7                 x                 x                52        0.09528184                54               430      88.440389096                54                20      87.748380264                43               921      95.434881116                52                 0      96.347196945
      m7k8                 x                 x                52       0.108789432                53              1431      94.073874315                54                12      89.205148365                46               424      107.81448394                52                 0      107.71875051
      m7k9                 x                 x                52       0.110556576                54             30169      94.619185512                54                20      95.937370989                44               307     116.763959091                52                 0     115.978659938
     m7k10                 x                 x                50       0.122896004                55               100      92.509227548                55              2047      90.998352863                49               189     128.393839575                50                 0     130.600692834
     m7k11                 x                 x                50        0.15220637                55               862      95.951457137                54                10     101.612703208                51               361     139.554742787                50                 0     137.619322411
     m7k12                 x                 x                45        0.14001122                54                43     109.850132356                54               201     108.134543613                48               874     153.944669694                46               737     152.855953591
     m7k13                 x                 x                48       0.150782181                54             17472     107.711099122                54                21     111.884500532                50              2138     162.720447873                52               863     160.364903105
     m7k14                 x                 x                48       0.161405998                54               277     105.220189251                55               220     101.624320803                50               421     170.250655889                51                 7     168.246531511
     m7k15                 x                 x                48       0.169554879                54              3265     114.749099335                54                58     113.227859362                51               930     181.495281714                51               108     182.781239053
     m7k16                 x                 x                48       0.174763869                55                50     108.826183673                55               949      109.31709988                52              8498     185.367301261                52             47476      189.51231673
     m7k17                 x                 x                48       0.392678422                54                 8     118.735180482                54               313      127.35322215                52               215      199.14266172                52             20882     193.879081686
     m7k18                 x                 x                48       0.211614149                53                11     128.694372877                55               305     110.243278884                52              4488     204.908158176                52             63875     201.547112174
     m7k19                 x                 x                48       0.215833485                54                21     124.164624412                55               718     109.552041622                53              9435     210.973215632                52              1986      208.50536144
     m7k20                 x                 x                48       0.241945487                55                13     111.658139783                54                45      128.98258752                53              3291     217.339645242                52              2177     214.833356516
      m8k1                 x                 x                20        0.03775485                22               121      47.503092243                22                 5      45.589896223                13               111      35.075331528                20                 0      34.807533441
      m8k2                 x                 x                34       0.045216869                36             13137      57.028551201                37                72      58.164027105                22               347      47.641244085                34                 0      48.004101572
      m8k3                 x                 x                44       0.056962742                46             21343      67.167922275                47             18687       69.56157091                29               319      59.885233069                44                 0      60.094169872
      m8k4                 x                 x                52       0.069204728                52             23884      78.810352072                54              1204      81.974826789                36                83      72.421034508                52                 0      75.019153639
      m8k5                 x                 x                54       0.081342354                55             37781      85.103700923                56             21462      88.784136125                43               208      85.807863271                54                 0      86.605696914
      m8k6                 x                 x                57       0.089503173                55             26902       84.78602088                57                 0      92.887315984                44               608     100.652129516                57                 0      97.937262655
      m8k7                 x                 x                56       0.099037728                56             25975      94.194014535                58                13      93.890477296                46               171     106.060003578                56                 0     105.257738201
      m8k8                 x                 x                54       0.107913751                57              2339      94.691108537                58                25      97.562834132                48               117     121.971752227                54                 0     121.553592502
      m8k9                 x                 x                53       0.121931312                57              9931     103.401737737                57               386     103.015878661                51               779      134.04102479                53                 0     133.423768635
     m8k10                 x                 x                54       0.133344887                58                98     103.936048237                58                11     106.660698986                51               300      146.89635089                54                 0     147.655675666
     m8k11                 x                 x                54       0.143927977                58                58     108.924225307                58                32     105.739383307                53               807      158.34099023                54                 0     154.306917544
     m8k12                 x                 x                51       0.157766416                58             30473     110.681881385                58              1177     111.650915982                53               352     172.063006581                53                 2     174.213053574
     m8k13                 x                 x                52       0.167066161                57                68     113.519354365                58                31     112.772998396                53              1218     185.795791993                53              2360     174.646953474
     m8k14                 x                 x                52       0.177441438                57                56     119.024395913                58                47     121.838518381                55               701     190.463006693                55                14     183.775047953
     m8k15                 x                 x                52       0.190733402                58             37165     121.251563579                58              1519     124.845179714                55             20966     201.008647386                54             17077     200.829321196
