       m k           Optimal   Optimal runtime            Greedy    Greedy runtime                GA     GA evaluation        GA runtime              GAPI   GAPI evaluation      GAPI runtime                SA     SA evaluation        SA runtime              SAPI   SAPI evaluation      SAPI runtime
      m6k1                 x                 x                17       0.203828877                19              1351      45.278149668                19               121      47.044620936                10                35      32.769139975                17                 0      32.625945636
      m6k2                 x                 x                29       0.125107575                30              1350      54.084146466                30              1655      56.076634801                19               842      42.288370782                29                 0      42.492801021
      m6k3                 x                 x                37       0.168779179                40             18908      62.862203987                40               187      63.446082524                28               405      53.257236878                37                 0      53.527829385
      m6k4                 x                 x                44       0.165590509                45             26411      66.858606473                47              1024       69.68321678                35                78      65.417662507                44                 0       65.33967989
      m6k5                 x                 x                50       0.193130173                52             49601      76.441674571                52               117      76.349531014                41               246      74.077180894                50                 0      73.610369099
      m6k6                 x                 x                54       0.218264416                57              1321      83.180655392                58             34186      85.642202526                45              1461      84.230933466                54                 0      84.251793277
      m6k7                 x                 x                62       0.245570371                62             43923      89.564568803                63               579      91.957081012                48              1845      91.129371009                62                 0      92.040715951
      m6k8                 x                 x                64       0.275918241                66              3110      93.632073515                66             13488      96.914381707                52               143     102.664218565                64                 0     101.902028003
      m6k9                 x                 x                70        0.31538596                71             32160     100.359884619                71              4634     103.058556969                55               174     108.277715069                70                 0     107.183872556
     m6k10                 x                 x                66       0.339420418                70             37960     105.750225123                71                54     107.905121009                57              1122     118.374408132                66                 0     116.375876826
     m6k11                 x                 x                70       0.351992471                71             15655     113.544465141                76                18     111.639138651                59                52     127.513205162                70                 0     126.356974581
     m6k12                 x                 x                65       0.405313477                72             26145     108.941839449                76             11464     118.898410981                61               633     138.207599003                66                77     141.627264974
     m6k13                 x                 x                67       0.423073801                74             48109     118.690072621                77               356     115.871119129                63               154     145.288780492                67                 0      142.09261987
     m6k14                 x                 x                58       0.422766702                76             14079     121.236683513                77             13553     122.155006145                68               972      157.37678121                66               204      155.84381264
     m6k15                 x                 x                58       0.479879291                74             22728     127.372892531                76             25979     127.987882366                66               307     173.910698401                67              1167     168.181592942
     m6k16                 x                 x                67       0.504955344                77                92     133.796500942                77                56     134.886612389                69               449      173.19957655                72               528     175.605169422
     m6k17                 x                 x                61       0.542927845                76               106       137.5071327                77                42     140.114859407                67               353     186.016980073                70               471     187.308883542
     m6k18                 x                 x                60       0.575677254                77                90     145.271724458                77                98     142.088538606                72               255     196.882071884                68              1712     198.926160803
     m6k19                 x                 x                60       0.595189462                75               752     149.366132467                77             14305     151.432215412                71              3704     207.865667103                73               359     199.995926836
     m6k20                 x                 x                67       0.613257799                77              1318     152.050927039                77                31     151.776046584                70              2615     218.896792718                71              2326     219.768613422
      m7k1                 x                 x                20       0.079012239                21                79      50.370055499                21                 2      47.876003116                14               169      35.759700638                20                 0      36.007204647
      m7k2                 x                 x                33       0.113060996                34             14436      58.715846543                34               134       60.09884914                22               313      48.604177943                33                 0      47.916724504
      m7k3                 x                 x                43       0.146158844                44             35539      66.862941042                45                59      68.867912367                36               785      60.348750414                43                 0      60.333721126
      m7k4                 x                 x                49       0.183692161                53             22968      80.437778268                53              2299      76.200106294                40               529      73.190769924                49                 0      73.436257415
      m7k5                 x                 x                55       0.226511023                60             27945      86.257269462                60               203      86.107134285                42               262      81.390205282                55                 0      84.125641523
      m7k6                 x                 x                60       0.251221584                65              8868      96.690179036                64               193      94.193688404                57               297      98.291432594                60                 0      96.298186063
      m7k7                 x                 x                64       0.280467125                67              2734      96.256607961                70              1228       99.10089853                52               401     102.234201668                64                 0     105.538408766
      m7k8                 x                 x                70       0.325832949                75             49011     103.604619875                77             15501     106.096340113                60               429     116.378619395                70                 0     117.721440672
      m7k9                 x                 x                74       0.388239166                78             44684     109.112398467                80             14552     113.284913274                61               720     122.366602576                74                 0     126.027289929
     m7k10                 x                 x                74       0.380372845                75               144     113.664307739                81             14818     120.706604797                62               180     134.136313346                74                 0     134.022672619
     m7k11                 x                 x                75       0.411235075                81              2462     120.170956438                82                13     122.676707042                62               326      144.83950673                75                 0     144.509132344
     m7k12                 x                 x                72       0.441862986                81               299     130.904529786                79              6167     130.843126139                68               260     158.799137677                72                 0     159.881245024
     m7k13                 x                 x                70       0.481843816                81             20585     130.393222461                82               933     128.558005014                73               403     168.185578909                74               270      168.20506814
     m7k14                 x                 x                68       0.506823491                81              8290     138.259704289                83             20143     135.508642553                71               663     180.144406436                72              1009     184.737212593
     m7k15                 x                 x                68       0.538941069                82             27616     145.488522013                81                32     146.799169959                76               400     193.301621975                76              1562     188.471467796
     m7k16                 x                 x                70       0.577342308                83               306     156.894506506                83              3649     147.798505694                76               935     198.806278101                76               535     203.983299963
     m7k17                 x                 x                71       0.599244082                82              1883     158.546750568                83                45     150.972472272                74              2641      209.83456678                78               402     213.211420494
     m7k18                 x                 x                70       0.659684997                83               111     156.591076702                82              3984     164.243882721                77              1243     224.706182187                75               858      221.39319006
     m7k19                 x                 x                70       0.641686692                83              5991       162.4266679                83             35479     170.702547482                79               627     232.047254332                74               962     233.079532777
     m7k20                 x                 x                70       0.718991644                82             40031     175.337227464                83                48      170.90187916                78               898     247.295565328                79              1361      249.07014233
      m8k1                 x                 x                22       0.087356373                23              1353       52.28628135                23                 8      50.222017205                12                33      39.035469509                22                 0      38.800720856
      m8k2                 x                 x                36       0.126811349                38              4320      64.481042197                38              2018      65.539327663                29                23      52.590194409                36                 0      51.862995203
      m8k3                 x                 x                45        0.15628799                49              6130      75.071900184                50             11635      77.882839075                37               127      66.290891451                45                 0      66.309076784
      m8k4                 x                 x                54       0.237837612                59             32016      86.321503826                58              2506      86.426084294                47               254      80.415846286                54                 0      80.656318875
      m8k5                 x                 x                59        0.25180623                64             39249      94.350015104                65             20538      89.763370395                50               601      93.069335739                59                 0      92.456666253
      m8k6                 x                 x                66       0.291378852                68             11809      98.430519016                71             34431     101.251738408                50              1190     108.178896192                66                 0     111.157590579
      m8k7                 x                 x                70       0.310575499                76             32727     103.601181077                76              1212     109.659202439                58                78     116.601026899                70                 0     114.303610625
      m8k8                 x                 x                72       0.336349706                76             14872     107.679601429                78             33780     116.148333707                66               628     129.433671355                72                 0     128.354607799
      m8k9                 x                 x                81        0.39750119                87             25313     124.015659628                87              2554     124.602257398                67               184     137.035073677                81                 0     138.272923047
     m8k10                 x                 x                80       0.819878441                83              8076     124.498208879                85              2269     127.366411317                69               462     149.405655873                80                 0     151.017928941
     m8k11                 x                 x                78       0.458586424                85             43531     126.922564848                87                88       134.8642809                70               303     165.147523794                78                 0      166.97706954
     m8k12                 x                 x                81       0.506975998                86             13995      137.71658859                86                35     145.858048194                74               537     181.288115547                81                 0     179.814510296
     m8k13                 x                 x                74       0.538906916                87             12111     152.490536582                87             20712     154.454989887                78               457     193.854236686                79               346     196.058301739
     m8k14                 x                 x                72       0.569904373                87               232     152.295331939                86             49530     149.022554661                82               332     204.830398353                79               371     206.724773234
     m8k15                 x                 x                71       0.605281517                88              3258     158.188163207                84                55     161.411760719                78              1140     222.626628414                77               170     214.244693012
