       m k           Optimal   Optimal runtime            Greedy    Greedy runtime                GA     GA evaluation        GA runtime              GAPI   GAPI evaluation      GAPI runtime                SA     SA evaluation        SA runtime              SAPI   SAPI evaluation      SAPI runtime
      m6k1                 x                 x                20       0.129915813                20               696       47.45635639                20                 0      47.418837271                13                99      32.716791417                20                 0      32.049038911
      m6k2                 x                 x                30       0.136037921                29              2272      52.749124334                31              6203      53.678512048                20               196      40.053246925                30                 0      40.077003432
      m6k3                 x                 x                34        0.19407367                36              9198      58.324507337                36                 8      60.449430869                27                97      52.441125473                34                 0      50.343619149
      m6k4                 x                 x                36       0.097565738                42              2908      66.718344722                43             33539      66.078270513                29               467      62.003364836                36                 0      62.994061235
      m6k5                 x                 x                39       0.121088482                45              6687      75.421729981                46             12311      77.123448531                35               562      69.797702579                40                 1      69.921046861
      m6k6                 x                 x                39       0.170551294                46               293      81.008529575                47               173      79.225664961                42               321      80.056389034                39                 0      79.454261106
      m6k7                 x                 x                41       0.184091363                47             12489      80.748142928                47              1018      82.420529526                38               421      88.290116164                41                 0      86.815064542
      m6k8                 x                 x                42       0.179080604                46              3455      86.016182785                47                42       89.42492782                42               962      96.059453631                42                 0      95.866483302
      m6k9                 x                 x                41       0.195983692                47                73      89.248610669                47                30      97.136292702                42               205     105.057288643                44                10     103.441214167
     m6k10                 x                 x                41       0.208598042                47              1402      95.792055194                47                42        95.2869874                41              1613     113.449040616                43                31     115.332461042
     m6k11                 x                 x                41       0.240971631                47             38203     103.714690413                47                13      98.913942815                43               257     122.264774849                44                35     123.441511105
     m6k12                 x                 x                41       0.255199953                48                59     107.989448515                48             13337     105.598694937                44              1306     131.801861469                46                88     132.156854047
     m6k13                 x                 x                41       0.268585173                48              6313     113.600741719                48              1415     112.196435609                45               322     139.691609432                44              2166     139.429781153
     m6k14                 x                 x                41       0.290705517                47                23     115.486675943                48               380     119.520746312                46               572     145.141698368                47               179     145.273795947
     m6k15                 x                 x                41       0.304945552                46               881     124.010605035                48                 9     122.149691105                46               346     158.030858376                45              1165     156.817299757
     m6k16                 x                 x                41       0.302939914                48              6090     124.193325473                48               373     125.462615829                45               437     167.720310789                44              1223     171.605023339
     m6k17                 x                 x                41       0.366864671                48             10185     132.668815347                48                 9      135.19186429                46               835     172.286724671                46               334     173.910124047
     m6k18                 x                 x                41       0.371166847                48                48     135.147877048                48              2490     136.284534356                47               796     183.982312285                46               290     182.984492127
     m6k19                 x                 x                41        0.40279782                48               523     138.403219415                48                19     139.958663652                47              2069     190.266220149                45               585     190.114455229
     m6k20                 x                 x                41       0.395700104                48                17     144.716877923                48                 8     147.982695257                46              4811     195.869741201                47               292      195.11310857
      m7k1                 x                 x                22       0.044171976                22              2255      46.249813275                22                 0      44.386341816                12               196      32.735294139                22                 0      32.489100037
      m7k2                 x                 x                34        0.06845953                33                90      55.808702031                35             16842      55.595465115                20               341      43.878610469                34                 0      42.774064385
      m7k3                 x                 x                37        0.08754298                39              1566      60.745784384                41               501      64.663564615                28               122      57.755880901                37                 0      56.331174491
      m7k4                 x                 x                39       0.111966764                46              6935      74.981224513                48              8084      72.801761521                36               126      70.705016876                40                14      67.427904806
      m7k5                 x                 x                45       0.141411005                48             37622       77.86847758                50               204      82.107912118                37               409      78.704689036                45                 0      79.382536322
      m7k6                 x                 x                45       0.154770336                52               388      80.673376671                52               409      87.451903759                45               287       90.00778886                45                 0      89.603282692
      m7k7                 x                 x                46       0.167019324                52              9275      95.787721237                52               384      96.010343871                45               222       98.92401281                46                 0     100.583738297
      m7k8                 x                 x                47       0.203465886                52                79      99.585514619                52                64     100.518403619                43               181     108.474209439                47                 0     108.261483421
      m7k9                 x                 x                46        0.21851377                51                90      94.918735197                52               511     101.516907052                46               516     120.554999403                47                18     120.321848143
     m7k10                 x                 x                46        0.25191092                52               117     110.507755655                52                46      109.82425254                49               625     128.052456119                49                27      129.58544048
     m7k11                 x                 x                43       0.264722274                52                38     112.894675946                52             10400     111.875195508                49              1707     138.398725492                48              1653     138.861325406
     m7k12                 x                 x                43       0.283967871                52                20     117.689668052                52                18     118.893040807                50               500     148.570533675                50               558     150.251968069
     m7k13                 x                 x                42       0.304823063                52                57     125.399603303                52                23     126.247495573                48               546     158.484324894                50               283     161.148567735
     m7k14                 x                 x                42        0.32234619                52                24     130.020859763                52                20     132.277509089                50               305     162.849011543                49              1055     163.126233995
     m7k15                 x                 x                42       0.331944372                52                22     139.393350142                52                20     134.466321722                52               782     173.388688699                50               434     179.185362959
     m7k16                 x                 x                42       0.369462581                52                21     149.693266435                52                 8     143.949103517                52               751     194.473620555                49               706     194.595910805
     m7k17                 x                 x                42       0.404262831                52                23     147.366454188                52                 8     152.534130001                51              2000     197.431043692                51               288     197.069691823
     m7k18                 x                 x                42       0.392668992                52                51     147.126977997                52              1196     153.946694141                51               453     214.122637779                51               245     209.606728658
     m7k19                 x                 x                42       0.422088572                52                20     160.636521516                52                11      160.61012969                51               469     226.295685283                51               360     224.336595083
     m7k20                 x                 x                42       0.445843431                52                10       168.8551796                52                18     159.498434967                51              1454     225.779204699                51               196     230.008023503
      m8k1                 x                 x                24       0.052127911                24               308      48.630575109                24                 0      49.677564402                14               117       35.96738364                24                 0      35.965711186
      m8k2                 x                 x                37        0.07340072                38              7825       59.10848315                38                16      61.608794876                25               261      49.822273094                37                 0      49.645900415
      m8k3                 x                 x                40       0.103742136                45              4243      75.530370113                46             20689      70.707437211                32               329      63.129535621                40                 0      63.849942297
      m8k4                 x                 x                41       0.243163231                52              2903      85.714327804                52              8640      81.598877404                42               462      75.977070426                41                 0      75.767491853
      m8k5                 x                 x                51       0.152251597                54              3478      86.508724065                56               502       90.16104908                41               484      90.353629487                51                 0      89.908773873
      m8k6                 x                 x                49       0.182878103                56               344      94.045187993                56              1575      93.996470715                44               186     103.331641024                49                 0     101.726835035
      m8k7                 x                 x                50       0.186934629                56             29538      95.247435301                57             11265     100.518613588                47               385     107.672139743                50                 0      109.75229629
      m8k8                 x                 x                50        0.22042822                56              8663      107.14970852                57                37     105.591877858                51               596     120.874310255                50                 0     121.432343636
      m8k9                 x                 x                49       0.261867163                57              4228      108.67681521                57                30      110.72183932                52               246     133.865790224                54                10        134.641991
     m8k10                 x                 x                48       0.264419114                57              4985     120.313152712                57             15739     120.823566272                53               204     151.993859703                50               130     149.453902282
     m8k11                 x                 x                48        0.28851383                56                45     128.259544013                57              5498     127.174393581                52               211     167.858388817                52               629     160.276745408
     m8k12                 x                 x                48       0.310632848                57               154     130.859736861                57               469     134.012762708                54               380     175.133041713                53               326     176.095549533
     m8k13                 x                 x                44       0.325524076                57                41     139.160597615                57              9813     143.553697504                52               787     197.706958326                54               576     193.632220081
     m8k14                 x                 x                44        0.35218346                57             24650     144.000257867                56               632     156.077052705                54               985     200.580237047                54              1578     200.249132752
     m8k15                 x                 x                44       0.378876966                57               543     155.784892998                57              2848     156.571208379                54              1012     215.977116613                54               677     213.259877374
     m8k16                 x                 x                44       0.390725795                57                28      161.17436231                56                16     161.606975949                55              1175      229.03278365                54               713     225.594959167
     m8k17                 x                 x                44       0.423043288                56                17     166.550408842                57               947     157.189763659                55               486     231.375141407                54               205     229.678496807
     m8k18                 x                 x                44       0.446049145                57                19     166.839905333                56                13     169.502138756                56               300     247.111278776                56               982     243.326884517
     m8k19                 x                 x                44       0.465443122                56                18     184.186449287                57              5243     175.439387209                56              1765     248.900661799                55              1908     252.089749813
     m8k20                 x                 x                44       0.473604532                57                26     178.248441272                57                10     179.591448191                55               497     259.722147885                54               471     262.809143436
      m9k1                 x                 x                26       0.054166589                26                50      52.925230204                26                 0      53.070107774                17               124      38.326408919                26                 0      37.592335986
      m9k2                 x                 x                38       0.081740804                39              2496       64.80510465                41             10797      66.044524167                27               254      53.283592187                38                 0      53.381390399
      m9k3                 x                 x                42       0.112219972                49             29991      79.135677709                50             10610       78.37380446                31               131      67.518997021                42                 0      67.948665764
      m9k4                 x                 x                46        0.14184056                56               577      87.449081886                56              2199      90.971729063                39                90      84.511304717                46                 0        86.3084803
      m9k5                 x                 x                55       0.169402517                58              2443      96.536886587                59              6341      92.778412638                48               728      99.734005547                55                 0     100.195552996
      m9k6                 x                 x                55       0.189676788                61             29841      98.245177402                60             48349     100.684752091                52               308     113.072074693                55                 0     114.806968682
      m9k7                 x                 x                56       0.206984646                61              9840     109.748087992                61             40678     106.594801164                51              1082     122.842275041                56                 0     121.614415389
      m9k8                 x                 x                56       0.261295441                61             11109     121.649034985                61             11455     112.704911434                54               243     136.649160527                56                 0     137.287353401
      m9k9                 x                 x                53       0.254843046                61                82     120.055141932                61               578     121.362461005                55              1023      151.17637726                53                 0     153.985826531
     m9k10                 x                 x                53       0.290074266                60              2860     126.736498961                61                32     125.585824767                56               684     162.184886526                53                 0     168.225327212
     m9k11                 x                 x                53       0.309778783                61              1717     135.496778629                61             21921     134.599395255                54               436     181.911004938                57                25     182.907602101
     m9k12                 x                 x                53       0.325401281                61               350     140.802751081                61              3550     141.006246309                57              1453     195.037772291                58               661     193.033479368
     m9k13                 x                 x                48       0.365080109                61                80     151.115035706                61              3925      150.32312296                59               545     204.059908899                57               141     206.435639323
     m9k14                 x                 x                48       0.394820599                61                31     153.181390309                61              2612     149.940311711                57              3406     222.119281101                57              1721     219.946423782
     m9k15                 x                 x                48       0.412470521                61              2362     167.908146399                61                46     166.631609823                59              1516     230.370038355                57               376     229.828309537
     m9k16                 x                 x                48       0.396796987                61                32     172.976498493                61              7756     169.088029137                59               487     248.445011359                57              2276     241.772195594
     m9k17                 x                 x                48       0.454061694                61                21     172.858867056                61               359     172.220701583                59               697     251.570850705                56              7097     248.277433307
     m9k18                 x                 x                48       0.453735985                61             12655     181.896053695                61                 9     180.047579148                57               997     265.723618691                57               898     259.235228486
     m9k19                 x                 x                48       0.474431134                61              9040     191.248462712                61             24416     188.797742866                60              1495     278.979967598                57             22214     275.537466451
     m9k20                 x                 x                48       0.500964113                61               718     196.003801333                61               499     195.411176033                60              1929     290.183313336                57              4152     284.489766876
     m10k1                 x                 x                28       0.064218214                28               181      55.429254267                28                 0      55.740668638                21                 8      43.402032849                28                 0      40.505884035
     m10k2                 x                 x                42       0.092220576                44              8669      64.524009258                44                73      69.008065126                28                62      56.826703869                42                 0       58.02011073
     m10k3                 x                 x                46       0.121473342                54              2588      83.290801795                54              2468      88.109199958                37               117      68.840063274                46                 0      68.312902334
     m10k4                 x                 x                51       0.138170968                61             23751      84.508588623                60              4394       90.20936958                46               239      93.371881011                51                 0      91.560803744
     m10k5                 x                 x                59       0.171537628                62              2966       96.41619342                62             33906      97.675056834                49              1179      98.525186168                59                 0     103.863493056
     m10k6                 x                 x                58       0.203415869                63             10222     101.261176963                63             15937     106.210376594                50               708     124.219568713                58                 0     123.895578737
     m10k7                 x                 x                59       0.218691133                64             19847     112.973035472                64              2067     115.215303026                50              1021     133.467483493                59                 0     132.616310157
     m10k8                 x                 x                59       0.250374824                64              4429      115.51152818                64                35     117.525592735                55                94     143.008461906                59                 0     145.915634876
     m10k9                 x                 x                59       0.281567993                64              2156     123.218907609                64                48     128.345988473                59               645     160.547343683                63               288     165.235044784
    m10k10                 x                 x                56       0.306632689                64               145     131.232010633                64                11     136.143320539                58               981     177.562090759                58                 3     176.838358092
    m10k11                 x                 x                56       0.329114136                64              2541     140.943701068                64                26     140.633190603                60              1035     193.334686619                59               361     194.707917814
    m10k12                 x                 x                56       0.349287147                62             18955     154.210363255                64                73     151.868689854                61              1390     215.443570597                58                45     210.800716724
    m10k13                 x                 x                53        0.36027783                64                56     152.031120598                64              1526     151.589115897                61               728     216.316373626                60               601      220.00953503
    m10k14                 x                 x                53       0.389914929                64             10056     158.584282955                64              3312     166.159499711                61               268      238.23992875                58               151     224.861456698
    m10k15                 x                 x                53       0.403783439                64             18815     168.485549653                64              1005     158.933605193                60               565     244.073940193                60               166     246.483771678
    m10k16                 x                 x                53       0.421091482                64              2433     174.851712785                62                48     163.959370035                61              1125     262.530014445                59              1161     255.171608395
    m10k17                 x                 x                53       0.447459284                64                43     181.629927804                64               476     186.754814261                60              1960     281.986638665                61                58     266.079388154
    m10k18                 x                 x                52       0.426210774                64              1217     182.426901939                64               371     189.346253041                61              2369     288.268094581                61               395     278.452355009
    m10k19                 x                 x                52       0.534772318                64                16     189.006978333                64                28     204.882191722                62              3145     294.274801055                60                87     292.123254539
    m10k20                 x                 x                52        0.55923287                62                32     192.271137129                64                60      206.07222078                63              2065     315.481456002                60             29930     302.803227188
